0,1
C=CCN1CC[C@]23c4c5ccc(O)c4O[C@H]2[C@H](NC(=O)c2cccc(I)c2)CC[C@@]3(O)[C@H]1C5,1
C=CCN1CC[C@]23c4c5ccc(O)c4O[C@H]2[C@H](NC(=O)c2cccc([125I])c2)CC[C@@]3(O)[C@H]1C5,1
CC(=O)N[C@@H]1CC[C@@]2(O)[C@H]3Cc4ccc(O)c5c4[C@@]2(CCN3CC2CC2)[C@H]1O5,1
CC(C)(C)OC(=O)Nc1ccc(C(=O)N[C@@H]2CC[C@@]3(O)[C@H]4Cc5ccc(O)c6c5[C@@]3(CCN4CC3CC3)[C@H]2O6)cc1,1
CC(C)(C)c1ccc(C(=O)N[C@@H]2CC[C@@]3(O)[C@H]4Cc5ccc(O)c6c5[C@@]3(CCN4CC3CC3)[C@H]2O6)cc1,1
CN(C)c1cccc(C(=O)NC2CC[C@@]3(O)[C@H]4Cc5ccc(O)c6c5[C@@]3(CCN4CC3CC3)[C@H]2O6)c1,1
CN1CCC(C(=O)N[C@@H]2CC[C@@]3(O)[C@H]4Cc5ccc(O)c6c5[C@@]3(CCN4CC3CC3)[C@H]2O6)CC1,1
COC(=O)/C=C/C(=O)N[C@@H]1CC[C@@]2(O)[C@H]3Cc4ccc(O)c5c4[C@@]2(CCN3CC2CC2)[C@H]1O5,1
COC(=O)c1ccc(C(=O)N[C@@H]2CC[C@@]3(O)[C@H]4Cc5ccc(O)c6c5[C@@]3(CCN4CC3CC3)[C@H]2O6)cc1,1
COc1cc(C(=O)N[C@@H]2CC[C@@]3(O)[C@H]4Cc5ccc(O)c6c5[C@@]3(CCN4CC3CC3)[C@H]2O6)ccn1,1
COc1cc(OC)cc(C(=O)N[C@@H]2CC[C@@]3(O)[C@H]4Cc5ccc(O)c6c5[C@@]3(CCN4CC3CC3)[C@H]2O6)c1,1
COc1cc(OC)cc(C(=O)N[C@H]2CC[C@@]3(O)[C@H]4Cc5ccc(O)c6c5[C@@]3(CCN4CC3CC3)[C@H]2O6)c1,1
COc1ccc(CC(=O)N[C@@H]2CC[C@@]3(O)[C@H]4Cc5ccc(O)c6c5[C@@]3(CCN4CC3CC3)[C@H]2O6)cc1,1
COc1cccc(C(=O)N[C@@H]2CC[C@@]3(O)[C@H]4Cc5ccc(O)c6c5[C@@]3(CCN4CC3CC3)[C@H]2O6)c1,1
COc1cccc(C(=O)N[C@H]2CC[C@@]3(O)[C@H]4Cc5ccc(O)c6c5[C@@]3(CCN4CC3CC3)[C@H]2O6)c1,1
COc1cccc(CC(=O)N[C@@H]2CC[C@@]3(O)[C@H]4Cc5ccc(O)c6c5[C@@]3(CCN4CC3CC3)[C@H]2O6)c1,1
COc1cnccc1C(=O)N[C@@H]1CC[C@@]2(O)[C@H]3Cc4ccc(O)c5c4[C@@]2(CCN3CC2CC2)[C@H]1O5,1
Cc1cc(C(=O)N[C@@H]2CC[C@@]3(O)[C@H]4Cc5ccc(O)c6c5[C@@]3(CCN4CC3CC3)[C@H]2O6)ccn1,1
Cc1ccc(/C=C/C(=O)N[C@@H]2CC[C@@]3(O)[C@H]4Cc5ccc(O)c6c5C3(CCN4CC3CC3)[C@H]2O6)cc1,1
Cc1ccc(C(=O)N[C@@H]2CC[C@@]3(O)[C@H]4Cc5ccc(O)c6c5[C@@]3(CCN4CC3CC3)[C@H]2O6)cc1,1
Cc1cnccc1C(=O)N[C@@H]1CC[C@@]2(O)[C@H]3Cc4ccc(O)c5c4[C@@]2(CCN3CC2CC2)[C@H]1O5,1
N#Cc1cc(C(=O)N[C@@H]2CC[C@@]3(O)[C@H]4Cc5ccc(O)c6c5[C@@]3(CCN4CC3CC3)[C@H]2O6)ccn1,1
Nc1ccc(C(=O)N[C@@H]2CC[C@@]3(O)[C@H]4Cc5ccc(O)c6c5[C@@]3(CCN4CC3CC3)[C@H]2O6)cc1,1
O=C(/C=C/Cc1ccccc1)N[C@@H]1CC[C@@]2(O)[C@H]3Cc4ccc(O)c5c4[C@@]2(CCN3CC2CC2)[C@H]1O5,1
O=C(/C=C/c1ccc(Cl)cc1)N[C@@H]1CC[C@@]2(O)[C@H]3Cc4ccc(O)c5c4C2(CCN3CC2CC2)[C@H]1O5,1
O=C(/C=C/c1ccc([N+](=O)[O-])cc1)N[C@@H]1CC[C@@]2(O)[C@H]3Cc4ccc(O)c5c4C2(CCN3CC2CC2)[C@H]1O5,1
O=C(/C=C/c1ccccc1)N[C@@H]1CC[C@@]2(O)[C@H]3Cc4ccc(O)c5c4[C@@]2(CCN3CC2CC2)[C@H]1O5,1
O=C(CCc1ccccc1)N[C@@H]1CC[C@@]2(O)[C@H]3Cc4ccc(O)c5c4[C@@]2(CCN3CC2CC2)[C@H]1O5,1
O=C(CCc1ccncc1)N[C@@H]1CC[C@@]2(O)[C@H]3Cc4ccc(O)c5c4[C@@]2(CCN3CC2CC2)[C@H]1O5,1
O=C(CNC(=O)c1ccncc1)N[C@@H]1CC[C@@]2(O)[C@H]3Cc4ccc(O)c5c4[C@@]2(CCN3CC2CC2)[C@H]1O5,1
O=C(Cc1ccccc1)N[C@@H]1CC[C@@]2(O)[C@H]3Cc4ccc(O)c5c4[C@@]2(CCN3CC2CC2)[C@H]1O5,1
O=C(Cc1cccs1)N[C@@H]1CC[C@@]2(O)[C@H]3Cc4ccc(O)c5c4[C@@]2(CCN3CC2CC2)[C@H]1O5,1
O=C(Cc1cccs1)N[C@H]1CC[C@@]2(O)[C@H]3Cc4ccc(O)c5c4[C@@]2(CCN3CC2CC2)[C@H]1O5,1
O=C(Cc1ccncc1)N[C@@H]1CC[C@@]2(O)[C@H]3Cc4ccc(O)c5c4[C@@]2(CCN3CC2CC2)[C@H]1O5,1
O=C(N[C@@H]1CC[C@@]2(O)[C@H]3Cc4ccc(O)c5c4[C@@]2(CCN3CC2CC2)[C@H]1O5)c1cc2ccccc2cn1,1
O=C(N[C@@H]1CC[C@@]2(O)[C@H]3Cc4ccc(O)c5c4[C@@]2(CCN3CC2CC2)[C@H]1O5)c1ccc(Br)cc1,1
O=C(N[C@@H]1CC[C@@]2(O)[C@H]3Cc4ccc(O)c5c4[C@@]2(CCN3CC2CC2)[C@H]1O5)c1ccc(C(F)(F)F)cc1,1
O=C(N[C@@H]1CC[C@@]2(O)[C@H]3Cc4ccc(O)c5c4[C@@]2(CCN3CC2CC2)[C@H]1O5)c1ccc(Cl)c(Cl)c1,1
O=C(N[C@@H]1CC[C@@]2(O)[C@H]3Cc4ccc(O)c5c4[C@@]2(CCN3CC2CC2)[C@H]1O5)c1ccc(Cl)cc1,1
O=C(N[C@@H]1CC[C@@]2(O)[C@H]3Cc4ccc(O)c5c4[C@@]2(CCN3CC2CC2)[C@H]1O5)c1ccc(I)cc1,1
O=C(N[C@@H]1CC[C@@]2(O)[C@H]3Cc4ccc(O)c5c4[C@@]2(CCN3CC2CC2)[C@H]1O5)c1ccc2ccccc2c1,1
O=C(N[C@@H]1CC[C@@]2(O)[C@H]3Cc4ccc(O)c5c4[C@@]2(CCN3CC2CC2)[C@H]1O5)c1cccc(I)c1,1
O=C(N[C@@H]1CC[C@@]2(O)[C@H]3Cc4ccc(O)c5c4[C@@]2(CCN3CC2CC2)[C@H]1O5)c1cccc(O)c1,1
O=C(N[C@@H]1CC[C@@]2(O)[C@H]3Cc4ccc(O)c5c4[C@@]2(CCN3CC2CC2)[C@H]1O5)c1cccc([125I])c1,1
O=C(N[C@@H]1CC[C@@]2(O)[C@H]3Cc4ccc(O)c5c4[C@@]2(CCN3CC2CC2)[C@H]1O5)c1cccc([N+](=O)[O-])c1,1
O=C(N[C@@H]1CC[C@@]2(O)[C@H]3Cc4ccc(O)c5c4[C@@]2(CCN3CC2CC2)[C@H]1O5)c1ccccc1,1
O=C(N[C@@H]1CC[C@@]2(O)[C@H]3Cc4ccc(O)c5c4[C@@]2(CCN3CC2CC2)[C@H]1O5)c1ccccn1,1
O=C(N[C@@H]1CC[C@@]2(O)[C@H]3Cc4ccc(O)c5c4[C@@]2(CCN3CC2CC2)[C@H]1O5)c1cccnc1,1
O=C(N[C@@H]1CC[C@@]2(O)[C@H]3Cc4ccc(O)c5c4[C@@]2(CCN3CC2CC2)[C@H]1O5)c1ccnc(Br)c1,1
O=C(N[C@@H]1CC[C@@]2(O)[C@H]3Cc4ccc(O)c5c4[C@@]2(CCN3CC2CC2)[C@H]1O5)c1ccnc(Cl)c1,1
O=C(N[C@@H]1CC[C@@]2(O)[C@H]3Cc4ccc(O)c5c4[C@@]2(CCN3CC2CC2)[C@H]1O5)c1ccncc1,1
O=C(N[C@@H]1CC[C@@]2(O)[C@H]3Cc4ccc(O)c5c4[C@@]2(CCN3CC2CC2)[C@H]1O5)c1ccncc1Br,1
O=C(N[C@@H]1CC[C@@]2(O)[C@H]3Cc4ccc(O)c5c4[C@@]2(CCN3CC2CC2)[C@H]1O5)c1ccncc1Cl,1
O=C(N[C@@H]1CC[C@@]2(O)[C@H]3Cc4ccc(O)c5c4[C@@]2(CCN3CC2CC2)[C@H]1O5)c1ccncn1,1
O=C(N[C@@H]1CC[C@@]2(O)[C@H]3Cc4ccc(O)c5c4[C@@]2(CCN3CC2CC2)[C@H]1O5)c1ccnnc1,1
O=C(N[C@@H]1CC[C@@]2(O)[C@H]3Cc4ccc(O)c5c4[C@@]2(CCN3CC2CC2)[C@H]1O5)c1cnc2ccccc2c1,1
O=C(N[C@H]1CC[C@@]2(O)[C@H]3Cc4ccc(O)c5c4[C@@]2(CCN3CC2CC2)[C@H]1O5)c1cc2ccccc2cn1,1
O=C(N[C@H]1CC[C@@]2(O)[C@H]3Cc4ccc(O)c5c4[C@@]2(CCN3CC2CC2)[C@H]1O5)c1ccc2ccccc2c1,1
O=C(N[C@H]1CC[C@@]2(O)[C@H]3Cc4ccc(O)c5c4[C@@]2(CCN3CC2CC2)[C@H]1O5)c1ccccc1,1
O=C(N[C@H]1CC[C@@]2(O)[C@H]3Cc4ccc(O)c5c4[C@@]2(CCN3CC2CC2)[C@H]1O5)c1ccccn1,1
O=C(N[C@H]1CC[C@@]2(O)[C@H]3Cc4ccc(O)c5c4[C@@]2(CCN3CC2CC2)[C@H]1O5)c1cccnc1,1
O=C(N[C@H]1CC[C@@]2(O)[C@H]3Cc4ccc(O)c5c4[C@@]2(CCN3CC2CC2)[C@H]1O5)c1ccncc1,1
O=C(N[C@H]1CC[C@@]2(O)[C@H]3Cc4ccc(O)c5c4[C@@]2(CCN3CC2CC2)[C@H]1O5)c1cnc2ccccc2c1,1
O=C(O)c1ccc(C(=O)N[C@@H]2CC[C@@]3(O)[C@H]4Cc5ccc(O)c6c5[C@@]3(CCN4CC3CC3)[C@H]2O6)cc1,1
O=Cc1ccc(C(=O)NCC(=O)N[C@@H]2CC[C@@]3(O)[C@H]4Cc5ccc(O)c6c5C3(CCN4CC3CC3)C2O6)cc1C=O,1
C=C(C)C(=O)O[C@H]1C[C@@H](C(=O)OC)[C@]2(C)CC[C@H]3C(=O)O[C@H](c4ccoc4)C[C@]3(C)[C@H]2C1=O,1
C=CC(C)C(=O)O[C@H]1C[C@@H](C(=O)OC)[C@]2(C)CC[C@H]3C(=O)O[C@H](c4ccoc4)C[C@]3(C)[C@H]2C1=O,1
C=CCC(=O)O[C@H]1C[C@@H](C(=O)OC)[C@]2(C)CC[C@H]3C(=O)O[C@H](c4ccoc4)C[C@]3(C)[C@H]2C1=O,1
C=CCNC(=O)O[C@H]1C[C@@H](C(=O)OC)[C@]2(C)CC[C@H]3C(=O)O[C@H](c4ccoc4)C[C@]3(C)[C@H]2C1=O,1
CCC(=O)O[C@H]1C[C@@H](C(=O)OC)[C@]2(C)CC[C@H]3C(=O)O[C@H](c4ccoc4)C[C@]3(C)[C@H]2C1=O,1
CCCC(=O)O[C@H]1C[C@@H](C(=O)OC)[C@]2(C)CC[C@H]3C(=O)O[C@H](c4ccoc4)C[C@]3(C)[C@H]2C1=O,1
CCCCC(=O)O[C@H]1C[C@@H](C(=O)OC)[C@]2(C)CC[C@H]3C(=O)O[C@H](c4ccoc4)C[C@]3(C)[C@H]2C1=O,1
CCCCCC(=O)O[C@H]1C[C@@H](C(=O)OC)[C@]2(C)CC[C@H]3C(=O)O[C@H](c4ccoc4)C[C@]3(C)[C@H]2C1=O,1
COC(=O)CC(=O)O[C@H]1C[C@@H](C(=O)OC)[C@]2(C)CC[C@H]3C(=O)O[C@H](c4ccoc4)C[C@]3(C)[C@H]2C1=O,1
COC(=O)[C@@H]1C[C@@H](OC(C)=O)C(=O)[C@H]2[C@@]1(C)CC[C@H]1C(=O)O[C@H](c3ccoc3)C[C@]21C,1
COC(=O)[C@@H]1C[C@H](OC(=N)C(Cl)(Cl)Cl)C(=O)[C@H]2[C@@]1(C)CC[C@H]1C(=O)O[C@H](c3ccoc3)C[C@]21C,1
COC(=O)[C@@H]1C[C@H](OC(=O)/C=C/c2ccccc2)C(=O)[C@H]2[C@@]1(C)CC[C@H]1C(=O)O[C@H](c3ccoc3)C[C@]21C,1
COC(=O)[C@@H]1C[C@H](OC(=O)/C=C/c2cccnc2)C(=O)[C@H]2[C@@]1(C)CC[C@H]1C(=O)O[C@H](c3ccoc3)C[C@]21C,1
COC(=O)[C@@H]1C[C@H](OC(=O)/C=C/c2ccsc2)C(=O)[C@H]2[C@@]1(C)CC[C@H]1C(=O)O[C@H](c3ccoc3)C[C@]21C,1
COC(=O)[C@@H]1C[C@H](OC(=O)C=C(C)C)C(=O)[C@H]2[C@@]1(C)CC[C@H]1C(=O)O[C@H](c3ccoc3)C[C@]21C,1
COC(=O)[C@@H]1C[C@H](OC(=O)CCc2ccccc2)C(=O)[C@H]2[C@@]1(C)CC[C@H]1C(=O)O[C@H](c3ccoc3)C[C@]21C,1
COC(=O)[C@@H]1C[C@H](OC(=O)Nc2ccccc2)C(=O)[C@H]2[C@@]1(C)CC[C@H]1C(=O)O[C@H](c3ccoc3)C[C@]21C,1
COC(=O)[C@@H]1C[C@H](OC(=O)c2ccc(Br)cc2)C(=O)[C@H]2[C@@]1(C)CC[C@H]1C(=O)O[C@H](c3ccoc3)C[C@]21C,1
COC(=O)[C@@H]1C[C@H](OC(=O)c2ccc(OC)cc2)C(=O)[C@H]2[C@@]1(C)CC[C@H]1C(=O)O[C@H](c3ccoc3)C[C@]21C,1
COC(=O)[C@@H]1C[C@H](OC(=O)c2cccc(OC)c2)C(=O)[C@H]2[C@@]1(C)CC[C@H]1C(=O)O[C@H](c3ccoc3)C[C@]21C,1
COC(=O)[C@@H]1C[C@H](OC(=O)c2ccccc2)C(=O)[C@H]2[C@@]1(C)CC[C@H]1C(=O)O[C@H](c3ccoc3)C[C@]21C,1
COC(=O)[C@@H]1C[C@H](OC(=O)c2cccnc2)C(=O)[C@H]2[C@@]1(C)CC[C@H]1C(=O)O[C@H](c3ccoc3)C[C@]21C,1
COC(=O)[C@@H]1C[C@H](OC(=O)c2cccs2)C(=O)[C@H]2[C@@]1(C)CC[C@H]1C(=O)O[C@H](c3ccoc3)C[C@]21C,1
COC(=O)[C@@H]1C[C@H](OC(=O)c2ccsc2)C(=O)[C@H]2[C@@]1(C)CC[C@H]1C(=O)O[C@H](c3ccoc3)C[C@]21C,1
COC(=O)[C@@H]1C[C@H](OC(C)=O)C(=O)[C@H]2[C@@]1(C)CC[C@H]1C(=O)O[C@H](c3ccoc3)C[C@]21C,1
CC(C)(C)CCN1CCCc2cc(Oc3ccc(C(N)=O)cn3)ccc2C1,1
CC(C)CCCCN1CCCc2cc(Oc3ccc(C(N)=O)cn3)ccc2C1,1
CC(C)CCCN1CCCc2cc(Oc3ccc(C(N)=O)cn3)ccc2C1,1
CC(C)CCN1CCCc2cc(Oc3ccc(C(N)=O)cn3)ccc2C1,1
CCCCCCN1CCCc2cc(Oc3ccc(C(N)=O)cn3)ccc2C1,1
CCCCCN1CCCc2cc(Oc3ccc(C(N)=O)cn3)ccc2C1,1
CCCCN1CCCc2cc(Oc3ccc(C(N)=O)cn3)ccc2C1,1
NC(=O)c1ccc(Oc2ccc3c(c2)CCCN(CCCC(F)(F)F)C3)nc1,1
NC(=O)c1ccc(Oc2ccc3c(c2)CCCN(CCCC2CCCCC2)C3)nc1,1
NC(=O)c1ccc(Oc2ccc3c(c2)CCCN(CCCN2CCOCC2)C3)nc1,1
NC(=O)c1ccc(Oc2ccc3c(c2)CCCN(CCN2CCOCC2)C3)nc1,1
COc1ccc2c3c1O[C@H]1C(=O)CC[C@@]4(NC(=O)C/C=C/c5ccc(Cl)cc5)[C@@H](C2)N(CC2CC2)CC[C@]314,1
COc1ccc2c3c1O[C@H]1C(=O)CC[C@@]4(NC(=O)CCCc5ccc(Cl)cc5)[C@@H](C2)N(CC2CC2)CC[C@]314,1
COc1ccc2c3c1O[C@H]1C(=O)CC[C@@]4(NC(=O)CCc5ccc(Cl)cc5)[C@@H](C2)N(CC2CC2)CC[C@]314,1
COc1ccc2c3c1O[C@H]1C(=O)CC[C@@]4(NC(=O)Cc5ccc(Cl)cc5)[C@@H](C2)N(CC2CC2)CC[C@]314,1
O=C(C/C=C/c1ccc(Cl)cc1)N[C@@]12CCC(=O)[C@@H]3Oc4c(O)ccc5c4[C@@]31CCN(CC1CC1)[C@@H]2C5,1
O=C(CCCc1ccc(Cl)cc1)N[C@@]12CCC(=O)[C@@H]3Oc4c(O)ccc5c4[C@@]31CCN(CC1CC1)[C@@H]2C5,1
O=C(CCc1ccc(Cl)cc1)N[C@@]12CCC(=O)[C@@H]3Oc4c(O)ccc5c4[C@@]31CCN(CC1CC1)[C@@H]2C5,1
O=C(CCc1ccccn1)N[C@@]12CCC(=O)[C@@H]3Oc4c(O)ccc5c4[C@@]31CCN(CC1CC1)[C@@H]2C5,1
O=C(Cc1ccc(Cl)cc1)N[C@@]12CCC(=O)[C@@H]3Oc4c(O)ccc5c4[C@@]31CCN(CC1CC1)[C@@H]2C5,1
O=C(Cc1ccccn1)N[C@@]12CCC(=O)[C@@H]3Oc4c(O)ccc5c4[C@@]31CCN(CC1CC1)[C@@H]2C5,1
CC(C)[C@@H](CN1CCN(c2cccc(O)c2)[C@@H](C)C1)NC(=O)c1ccc(Oc2ccccc2O)c(Cl)c1,1
COc1cc(C(=O)N[C@H](CN2CCN(c3cccc(O)c3)[C@@H](C)C2)C(C)C)ccc1Oc1cc(C)ccc1O,1
COc1cc(C(=O)N[C@H](CN2CCN(c3cccc(O)c3)[C@@H](C)C2)C(C)C)ccc1Oc1cccc(C)c1,1
COc1cc(C(=O)N[C@H](CN2CCN(c3cccc(O)c3)[C@@H](C)C2)C(C)C)ccc1Oc1ccccc1O,1
Cc1cc(C(=O)N[C@H](CN2CCN(c3cccc(O)c3)[C@@H](C)C2)C(C)C)ccc1Oc1ccccc1,1
Cc1ccc(O)c(Oc2ccc(C(=O)N[C@H](CN3CCN(c4cccc(O)c4)[C@@H](C)C3)C(C)C)cc2Cl)c1,1
Cc1cccc(Oc2ccc(C(=O)N[C@H](CN3CCN(c4cccc(O)c4)[C@@H](C)C3)C(C)C)cc2C)c1,1
Cc1cccc(Oc2ccc(C(=O)N[C@H](CN3CCN(c4cccc(O)c4)[C@@H](C)C3)C(C)C)cc2Cl)c1,1
Cc1cccc(Oc2ccc(C(=O)N[C@H](CN3CCN(c4cccc(O)c4)[C@@H](C)C3)C(C)C)cc2O)c1,1
COc1ccc2c3c1O[C@H]1C(=O)CC[C@@]4(NC(=O)/C=C/Cc5ccc(Cl)cc5)[C@@H](C2)N(CC2CC2)CC[C@]314,1
COc1ccc2c3c1O[C@H]1C(=O)CC[C@@]4(NC(=O)/C=C/c5ccc(Cl)cc5)[C@@H](C2)N(CC2CC2)CC[C@]314,1
COc1ccc2c3c1O[C@H]1C(=O)CC[C@@]4(NC(=O)/C=C/c5ccc([N+](=O)[O-])cc5)[C@@H](C2)N(CC2CC2)CC[C@]314,1
COc1ccc2c3c1O[C@H]1C(=O)CC[C@@]4(NC(=O)/C=C/c5ccccc5C)[C@@H](C2)N(CC2CC2)CC[C@]314,1
COc1ccc2c3c1O[C@H]1C(=O)CC[C@@]4(NC(=O)/C=C/c5ccccc5Cl)[C@@H](C2)N(CC2CC2)CC[C@]314,1
Cc1ccccc1/C=C/C(=O)N[C@@]12CCC(=O)[C@@H]3Oc4c(O)ccc5c4[C@@]31CCN(CC1CC1)[C@@H]2C5,1
O=C(/C=C/c1ccc(Cl)cc1)N[C@@]12CCC(=O)[C@@H]3Oc4c(O)ccc5c4[C@@]31CCN(CC1CC1)[C@@H]2C5,1
O=C(/C=C/c1ccc([N+](=O)[O-])cc1)N[C@@]12CCC(=O)[C@@H]3Oc4c(O)ccc5c4[C@@]31CCN(CC1CC1)[C@@H]2C5,1
O=C(/C=C/c1ccccc1Cl)N[C@@]12CCC(=O)[C@@H]3Oc4c(O)ccc5c4[C@@]31CCN(CC1CC1)[C@@H]2C5,1
CCCCCCCCCCCCCCCCO,0
CCCCCCCCCCCCCCCO,0
CCCCCCCCCCCCCCO,0
CCCCCCCCCCCCCO,0
CCCCCCCCCCCCO,0
CCCCCCCCCCCO,0
CCCCCCCCCCO,0
CCCCCCCCO,0
O=C(CNC(=O)c1ccccn1)N[C@@]12CCC(=O)[C@@H]3Oc4c(O)ccc5c4[C@@]31CCN(CC1CC1)[C@@H]2C5,1
O=C(N[C@@]12CCC(=O)[C@@H]3Oc4c(O)ccc5c4[C@@]31CCN(CC1CC1)[C@@H]2C5)c1cc2ccccc2cn1,1
O=C(N[C@@]12CCC(=O)[C@@H]3Oc4c(O)ccc5c4[C@@]31CCN(CC1CC1)[C@@H]2C5)c1ccc2ccccc2c1,1
O=C(N[C@@]12CCC(=O)[C@@H]3Oc4c(O)ccc5c4[C@@]31CCN(CC1CC1)[C@@H]2C5)c1ccccc1,1
O=C(N[C@@]12CCC(=O)[C@@H]3Oc4c(O)ccc5c4[C@@]31CCN(CC1CC1)[C@@H]2C5)c1ccccn1,1
O=C(N[C@@]12CCC(=O)[C@@H]3Oc4c(O)ccc5c4[C@@]31CCN(CC1CC1)[C@@H]2C5)c1cccnc1,1
O=C(N[C@@]12CCC(=O)[C@@H]3Oc4c(O)ccc5c4[C@@]31CCN(CC1CC1)[C@@H]2C5)c1ccncc1,1
O=C(N[C@@]12CCC(=O)[C@@H]3Oc4c(O)ccc5c4[C@@]31CCN(CC1CC1)[C@@H]2C5)c1cnc2ccccc2c1,1
CC(C)CN(C(=O)CCN1CC[C@@](C)(c2cccc(O)c2)[C@@H](C)C1)[C@@H](Cc1ccccc1)C(=O)O,1
CCN(C(=O)CCN1CC[C@@](C)(c2cccc(O)c2)[C@@H](C)C1)[C@@H](Cc1ccccc1)C(=O)O,1
C[C@H]1CN(CCC(=O)N(CC2CC2)[C@@H](Cc2ccccc2)C(=O)O)CC[C@@]1(C)c1cccc(O)c1,1
C[C@H]1CN(CCC(=O)N(CCc2ccccc2)[C@@H](Cc2ccccc2)C(=O)O)CC[C@@]1(C)c1cccc(O)c1,1
C[C@H]1CN(CCC(=O)N(Cc2ccc(-c3ccccc3)cc2)[C@@H](Cc2ccccc2)C(=O)O)CC[C@@]1(C)c1cccc(O)c1,1
C[C@H]1CN(CCC(=O)N(Cc2cccc(Cl)c2)[C@@H](Cc2ccccc2)C(=O)O)CC[C@@]1(C)c1cccc(O)c1,1
C[C@H]1CN(CCC(=O)N(Cc2ccccc2)[C@@H](Cc2ccccc2)C(=O)O)CC[C@@]1(C)c1cccc(O)c1,1
COc1ccc(-c2ccc3c(c2)CN(C(=O)C(N)Cc2c(C)cc(O)cc2C)[C@H](C(=O)O)C3)cc1,1
COc1ccc(-c2ccc3c(c2)CN(C(=O)[C@@H](N)Cc2c(C)cc(O)cc2C)[C@H](C(=O)O)C3)cc1,1
Cc1cc(O)cc(C)c1CC(N)C(=O)N1Cc2cc(-c3ccsc3)ccc2C[C@H]1C(=O)O,1
Cc1cc(O)cc(C)c1C[C@@H](N)C(=O)N1Cc2cc(-c3ccc(F)cc3)ccc2C[C@H]1C(=O)O,1
Cc1cc(O)cc(C)c1C[C@@H](N)C(=O)N1Cc2cc(-c3ccccc3)ccc2C[C@H]1C(=O)O,1
Cc1cc(O)cc(C)c1C[C@H](N)C(=O)N1Cc2cc(-c3ccc(F)cc3)ccc2C[C@H]1C(=O)O,1
Cc1cc(O)cc(C)c1C[C@H](N)C(=O)N1Cc2cc(-c3ccccc3)ccc2C[C@H]1C(=O)O,1
CC1C2Cc3ccc(C(N)=O)cc3C1(C)CCN2CC1CC1,1
C[C@@H]1[C@@H]2Cc3ccc(C(N)=O)cc3[C@]1(C)CCN2CC1CC1,1
C[C@H]1C2Cc3ccc(C(=O)O)cc3[C@@]1(C)CCN2CC1CC1,1
C[C@H]1C2Cc3ccc(C(N)=O)cc3[C@@]1(C)CCN2CC1CC1,1
C[C@H]1[C@H]2Cc3ccc(C(N)=O)cc3[C@@]1(C)CCN2CC1CC1,1
CCCCN1CC[C@]23c4c5ccc(O)c4O[C@H]2c2[nH]c4c(c2C[C@@]3(O)[C@H]1C5)C[C@@]1(O)[C@H]2Cc3ccc(O)c5c3[C@@]1(CCN2CC1CC1)[C@H]4O5,1
N=C(N)NCCN1CC[C@]23c4c5ccc(O)c4O[C@H]2c2[nH]c4c(c2C[C@@]3(O)[C@H]1C5)C[C@@]1(O)[C@H]2Cc3ccc(O)c5c3C1(CCN2CC1CC1)[C@H]4O5,1
NCCN1CC[C@]23c4c5ccc(O)c4O[C@H]2c2[nH]c4c(c2C[C@@]3(O)[C@H]1C5)C[C@@]1(O)[C@H]2Cc3ccc(O)c5c3[C@@]1(CCN2CC1CC1)[C@H]4O5,1
Oc1ccc2c3c1O[C@H]1c4[nH]c5c(c4C[C@@]4(O)[C@@H](C2)N(CC2CC2)CC[C@]314)C[C@@]1(O)[C@H]2Cc3ccc(O)c4c3[C@@]1(CCN2CC1CC1)[C@H]5O4,1
Oc1ccc2c3c1O[C@H]1c4[nH]c5c(c4C[C@@]4(O)[C@@H](C2)N(CC2CC2)CC[C@]314)C[C@]1(O)[C@@H]2Cc3ccc(O)c4c3[C@]1(CCN2CC1CC1)[C@@H]5O4,1
CN1CC[C@]23CC(=O)CC[C@@]2(O)[C@H]1Cc1ccc(C(=O)NCCc2ccc(-c4cc[nH]c(=O)c4)cc2)c(O)c13,1
CN1CC[C@]23CC(=O)CC[C@@]2(O)[C@H]1Cc1ccc(C(=O)NCCc2ccc(-c4ccc(=O)[nH]c4)cc2)c(O)c13,1
CN1CC[C@]23CC(=O)CC[C@@]2(O)[C@H]1Cc1ccc(C(=O)NCCc2ccc(-c4ccccc4)cc2)c(O)c13,1
CN1CC[C@]23CC(=O)CC[C@@]2(O)[C@H]1Cc1ccc(C(=O)NCCc2ccc(-c4cn[nH]c4)cc2)c(O)c13,1
CN1CC[C@]23CC(=O)CC[C@@]2(O)[C@H]1Cc1ccc(C(=O)NCCc2ccc(-c4cnc(O)nc4O)cc2)c(O)c13,1
CN1CC[C@]23c4c5ccc(O)c4O[C@H]2c2ncc(-c4ccc(Cl)cc4)cc2C[C@@]3(OCCCc2ccccc2)[C@H]1C5,1
CN1CC[C@]23c4c5ccc(O)c4O[C@H]2c2ncc(-c4ccc(Cl)cc4)cc2C[C@@]3(OCc2ccccc2)[C@H]1C5,1
Oc1ccc2c3c1O[C@H]1c4ncc(-c5ccc(Cl)cc5)cc4C[C@@]4(OC/C=C/c5ccccc5)[C@@H](C2)N(CC2CC2)CC[C@]314,1
Oc1ccc2c3c1O[C@H]1c4ncc(-c5ccc(Cl)cc5)cc4C[C@@]4(OCCCc5ccccc5)[C@@H](C2)N(CC2CC2)CC[C@]314,1
Oc1ccc2c3c1O[C@H]1c4ncc(-c5ccc(Cl)cc5)cc4C[C@@]4(OCc5ccccc5)[C@@H](C2)N(CC2CC2)CC[C@]314,1
COc1ccc2c3c1O[C@H]1C(=O)CC[C@@]4(NC(=O)/C=C/c5ccc(C)cc5)[C@@H](C2)N(C)CC[C@]314,1
COc1ccc2c3c1O[C@H]1C(=O)CC[C@@]4(NC(=O)/C=C/c5ccc(Cl)cc5)[C@@H](C2)N(C)CC[C@]314,1
COc1ccc2c3c1O[C@H]1C(=O)CC[C@@]4(NC(=O)/C=C/c5ccc([N+](=O)[O-])cc5)C(C2)N(C)CCC314,1
COc1ccc2c3c1O[C@H]1C(=O)CC[C@@]4(NC(=O)/C=C/c5ccccc5C)[C@@H](C2)N(C)CC[C@]314,1
COc1ccc2c3c1O[C@H]1C(=O)CC[C@@]4(NC(=O)/C=C/c5ccccc5Cl)[C@@H](C2)N(C)CC[C@]314,1
Cc1cc(O)cc(C)c1C[C@H](N)[C@@H](O)C/C=C/[C@@H](O)[C@@H](Cc1ccccc1)C(=O)NCCc1ccccc1,1
Cc1cc(O)cc(C)c1C[C@H](N)[C@@H](O)C/C=C/[C@@H](O)[C@H](Cc1ccccc1)C(=O)NCCc1ccccc1,1
Cc1cc(O)cc(C)c1C[C@H](N)[C@@H](O)C/C=C/[C@H](O)[C@@H](Cc1ccccc1)C(=O)NCCc1ccccc1,1
Cc1cc(O)cc(C)c1C[C@H](N)[C@H](O)C/C=C/[C@@H](O)[C@@H](Cc1ccccc1)C(=O)NCCc1ccccc1,1
Cc1cc(O)cc(C)c1C[C@H](N)[C@H](O)C/C=C/[C@H](O)[C@@H](Cc1ccccc1)C(=O)NCCc1ccccc1,1
C=C1C[C@@H](CO[C@@H]2CC[C@@]3(O)[C@H]4Cc5ccc(O)c6c5[C@@]3(CCN4CC3CC3)[C@H]2O6)OC1=O,1
C=C1C[C@H](CO[C@@H]2CC[C@@]3(O)[C@H]4Cc5ccc(O)c6c5[C@@]3(CCN4CC3CC3)[C@H]2O6)OC1=O,1
Oc1ccc2c3c1O[C@H]1[C@H](OC[C@@H]4CO4)CC[C@@]4(O)[C@@H](C2)N(CC2CC2)CC[C@]314,1
Oc1ccc2c3c1O[C@H]1[C@H](OC[C@H]4CO4)CC[C@@]4(O)[C@@H](C2)N(CC2CC2)CC[C@]314,1
CCCN1CC[C@]23c4c5ccc(O)c4O[C@H]2c2c(c(-c4ccccc4)cn2Cc2ccccc2)C[C@@]3(O)C1C5,1
CCn1cc(-c2ccccc2)c2c1[C@@H]1Oc3c(O)ccc4c3[C@@]13CCN(CC1CC1)C(C4)[C@]3(O)C2,1
Cc1ccc(-c2cn(Cc3ccccc3)c3c2C[C@@]2(O)C4Cc5ccc(O)c6c5[C@@]2(CCN4CC2CC2)[C@H]3O6)cc1,1
Oc1ccc2c3c1O[C@H]1c4c(c(-c5ccccc5)cn4Cc4ccccc4)C[C@@]4(O)C(C2)N(CC2CC2)CC[C@]314,1
CCCn1c2c(c3ccccc31)C[C@@]1(O)C3Cc4ccc(O)c5c4C1(CCN3CC1CC1)[C@H]2O5,1
CCn1c2c(c3ccccc31)C[C@@]1(O)C3Cc4ccc(O)c5c4C1(CCN3CC1CC1)[C@H]2O5,1
Oc1ccc2c3c1O[C@H]1c4c(c5ccccc5n4CCCF)C[C@@]4(O)C(C2)N(CC2CC2)CCC314,1
Oc1ccc2c3c1O[C@H]1c4c(c5ccccc5n4CCF)C[C@@]4(O)C(C2)N(CC2CC2)CCC314,1
C[C@H]1C2Cc3ccc(N4CCCC4)cc3[C@@]1(C)CCN2CC1CC1,1
C[C@H]1C2Cc3ccc(N4CCCCC4)cc3[C@@]1(C)CCN2CC1CC1,1
C[C@H]1C2Cc3ccc(N4CCN(C)CC4)cc3[C@@]1(C)CCN2CC1CC1,1
C[C@H]1C2Cc3ccc(N4CCOCC4)cc3[C@@]1(C)CCN2CC1CC1,1
C[C@H]1[C@@H]2CC[C@@H](c3ccccc3)CN2CC[C@@]1(C)c1cccc(O)c1,1
C[C@H]1[C@@H]2CC[C@H](c3ccccc3)CN2CC[C@@]1(C)c1cccc(O)c1,1
C[C@H]1[C@H]2CC[C@@H](c3ccccc3)CN2CC[C@@]1(C)c1cccc(O)c1,1
C[C@H]1[C@H]2CC[C@H](c3ccccc3)CN2CC[C@@]1(C)c1cccc(O)c1,1
C=C(C)CN1CCC23c4c5ccc(OC)c4O[C@H]2c2[nH]c4ccccc4c2C[C@@]3(O)C1C5,1
C=C(COc1ccc2c3c1O[C@H]1c4[nH]c5ccccc5c4C[C@@]4(O)[C@@H](C2)N(CC2CC2)CC[C@]314)C(=O)OC,1
COc1ccc2c3c1O[C@H]1c4[nH]c5ccccc5c4C[C@@]4(O)[C@@H](C2)N(CC2CC2)CC[C@]314,1
C=CCOC[C@@H]1Cc2ccccc2CN1C(=O)[C@@H](N)Cc1c(C)cc(O)cc1C,1
CC(=O)OC[C@@H]1Cc2ccccc2CN1C(=O)[C@@H](N)Cc1c(C)cc(O)cc1C,1
COC[C@@H]1Cc2ccccc2CN1C(=O)[C@@H](N)Cc1c(C)cc(O)cc1C,1
CC(=O)N1CCC[C@@H]1C/N=C(\S)N1Cc2ccccc2C[C@H]1CNC(=O)NC(C)(C)C,1
CC(C)(C)NC(=O)NC[C@@H]1Cc2ccccc2CN1/C(S)=N/C[C@H]1CCCN1C(=O)OC(C)(C)C,1
CC(C)(C)NC(=O)NC[C@@H]1Cc2ccccc2CN1/C(S)=N/C[C@H]1CCCN1C(=O)c1ccccc1,1
CC(=O)Oc1ccc2c3c1O[C@H]1[C@@H](OS(=O)(=O)O)CC[C@H]4[C@@H](C2)N(C)CC[C@]314,1
CN1CC[C@]23c4c5ccc(OC(=O)c6ccccc6)c4O[C@H]2[C@@H](OS(=O)(=O)O)CC[C@H]3[C@H]1C5,1
COc1ccc2c3c1O[C@H]1[C@@H](OS(=O)(=O)O)CC[C@H]4[C@@H](C2)N(C)CC[C@]314,1
CC1(C)CC(=O)C2=C(C1)OC1=C(C(=O)CC(C)(C)C1)C2c1ccc(OCc2ccc(F)cc2)cc1,1
CC1(C)CC(=O)C2=C(C1)OC1=C(C(=O)CC(C)(C)C1)C2c1ccc(OCc2ccccc2)cc1,1
Cc1ccc(COc2ccc(C3C4=C(CC(C)(C)CC4=O)OC4=C3C(=O)CC(C)(C)C4)cc2)cc1,1
CCCCC(CC)COC(=O)CCCCC(=O)OCC(CC)CCCC,0
CCCCC(CC)COC(=O)CCCCCCCC(=O)OCC(CC)CCCC,0
CCCCC(CC)COC(=O)CCCCCCCCC(=O)OCC(CC)CCCC,0
CCCCC(O)c1cc2c(cc1O)[C@@]13CCCC[C@H]1[C@@H](C2)N(CC1CCC1)CC3,1
CCCCCCCCCC(O)c1cc2c(cc1O)[C@@]13CCCC[C@H]1[C@@H](C2)N(CC1CCC1)CC3,1
OCCCCCCCCCCC(O)c1cc2c(cc1O)[C@@]13CCCC[C@H]1[C@@H](C2)N(CC1CCC1)CC3,1
CCN(CC)C(=O)c1ccc(/C(=C2/C[C@@H]3CC[C@H](C2)N3)c2ccccc2)cc1,1
CCN(CC)C(=O)c1ccc(/C(=C2\C[C@@H]3CC[C@H](C2)N3)c2ccccc2)cc1,1
CCN(CC)C(=O)c1ccc(C(=C2CC3CCC(C2)N3)c2ccc(O)cc2)cc1,1
CCN(CC)C(=O)c1ccc(C(=C2CCN(Cc3ccc(F)cc3)CC2)c2cccc(F)c2)cc1,1
CCN(CC)C(=O)c1ccc(C(=C2CCN(Cc3ccc(F)cc3)CC2)c2cccc(NC(=O)OC)c2)cc1,1
CCN(CC)C(=O)c1ccc(C(=C2CCN(Cc3ccc(F)cc3)CC2)c2cccc(NC(C)=O)c2)cc1,1
CCN(CC)C(=O)c1ccc([C@H](c2cccc(NC(=O)C3CC3)c2)N2CCN(Cc3ccc(F)cc3)CC2)cc1,1
CN(CCO)C(=O)c1ccc([C@H](c2cccc(NC(=O)C3CC3)c2)N2CCN(Cc3ccc(F)cc3)CC2)cc1,1
O=C(Nc1cccc([C@@H](c2ccc(C(=O)N3CCC3)cc2)N2CCN(Cc3ccc(F)cc3)CC2)c1)C1CC1,1
CN(CC(=O)O)C(=O)[C@H](Cc1ccccc1)NC(=O)[C@H](CC[S+](C)[O-])NC(=O)[C@@H](N)Cc1ccc(O)cc1,1
CN(CC(N)=O)C(=O)[C@H](Cc1ccccc1)NC(=O)[C@H](CC[S+](C)[O-])NC(=O)[C@@H](N)Cc1ccc(O)cc1,1
COC(=O)CN(C)C(=O)[C@H](Cc1ccccc1)NC(=O)[C@H](CC[S+](C)[O-])NC(=O)[C@@H](N)Cc1ccc(O)cc1,1
CN1CC[C@]23c4c5ccc(O)c4O[C@H]2C(=O)CC[C@@]3(NC(=O)/C=C/c2ccc([N+](=O)[O-])cc2)[C@H]1C5,1
Cc1ccc(/C=C/C(=O)N[C@@]23CCC(=O)[C@@H]4Oc5c(O)ccc6c5[C@@]42CCN(C)[C@@H]3C6)cc1,1
Cc1ccccc1/C=C/C(=O)N[C@@]12CCC(=O)[C@@H]3Oc4c(O)ccc5c4[C@@]31CCN(C)[C@@H]2C5,1
CN1c2ccc(Cl)cc2C(c2ccccc2)=NCC1CCNC(=O)c1cccs1,1
CN1c2ccc(Cl)cc2C(c2ccccc2)=NC[C@@H]1CCNC(=O)c1cccs1,1
CN1c2ccc(Cl)cc2C(c2ccccc2)=NC[C@H]1CCNC(=O)c1cccs1,1
C[C@H]1CN2CCN(Cc3ccccc3Cl)C[C@H]2C[C@@]1(C)c1cccc(O)c1,1
C[C@H]1CN2CCN(Cc3ccccc3O)C[C@H]2C[C@@]1(C)c1cccc(O)c1,1
Cc1ccccc1CN1CCN2C[C@H](C)[C@](C)(c3cccc(O)c3)C[C@@H]2C1,1
O=C1c2ccc(O)cc2C23CCCCC2C1N(CC1CCCO1)CC3,1
O=C1c2ccc(O)cc2[C@@]23CCCC[C@H]2[C@@H]1N(CC1CCCO1)CC3,1
O=C1c2ccc(O)cc2[C@@]23CCCC[C@H]2[C@@H]1N(C[C@@H]1CCCO1)CC3,1
OCCCOc1ccc2c(c1)[C@@]13CCCC[C@@]1(O)[C@@H](C2)N(CC1CCC1)CC3,1
O[C@@]12CCCC[C@@]13CCN(CC1CCC1)[C@@H]2Cc1ccc(OCCc2ccccc2)cc13,1
O[C@@]12CCCC[C@@]13CCN(CC1CCC1)[C@@H]2Cc1ccc(OCc2ccccc2)cc13,1
C=C(C(=O)O)[C@@H](NC(=O)[C@H](Cc1c[nH]c2ccccc12)NC(=O)[C@@H]1CCCN1C(=O)[C@@H](N)Cc1c(C)cc(O)cc1C)c1ccccc1,1
C=C(C(=O)O)[C@@H](NC(=O)[C@H](Cc1c[nH]c2ccccc12)NC(=O)[C@@H]1CCCN1C(=O)[C@@H](N)Cc1c(C)cc(O)cc1C)c1ccco1,1
CC(C)=CC[C@@]12Cc3c([nH]c4ccccc34)[C@]3(C)Oc4c(O)ccc5c4[C@@]31CCN(C)C2C5,1
CN1CC[C@]23c4c5ccc(O)c4O[C@@]2(C)c2[nH]c4ccccc4c2C[C@@]3(C/C=C/c2ccccc2)C1C5,1
CC(C)CC(NC(=O)C(Cc1ccccc1)NC(=O)N/N=C1/CC[C@@]2(O)C3Cc4ccc(O)c5c4C2(CCN3C)[C@H]1O5)C(=O)O,1
CC(C)CC(NC(=O)C(Cc1ccccc1)NC(=O)N/N=C1/CC[C@@]2(O)C3Cc4ccc(O)c5c4C2(CCN3CC2CC2)[C@H]1O5)C(=O)O,1
CC1(C)SC[C@@H](C(=O)O)NC(=O)[C@H](Cc2ccccc2)NC(=O)CNC(=O)[C@@H]1NC(=O)[C@@H](N)Cc1ccc(O)cc1,1
CC1(C)SC[C@H](C(=O)O)NC(=O)[C@H](Cc2ccccc2)NC(=O)CNC(=O)[C@@H]1NC(=O)[C@@H](N)Cc1ccc(O)cc1,1
CC1(N2CCC(n3c([C@@H]4CCCNC4)nc4ccccc43)CC2)CCCCCCC1,1
CC1(N2CCC(n3c([C@H]4CCCNC4)nc4ccccc43)CC2)CCCCCCC1,1
CCC(=O)N(c1ccccc1)C1CCN(C(=O)[C@@H](N)[C@@H](C)c2c(C)cc(O)cc2C)CC1,1
CCC(=O)N(c1ccccc1)C1CCN(C(=O)[C@@H](N)[C@H](C)c2c(C)cc(O)cc2C)CC1,1
CCC(=O)N(c1ccccc1)C1CCN(C(=O)[C@H](Cc2ccc(Cl)cc2)NC(=O)[C@@H](C)NC(=O)[C@@H](N)Cc2c(C)cc(O)cc2C)CC1,1
CCC(=O)N(c1ccccc1)C1CCN(C(=O)[C@H](Cc2ccccc2)NC(=O)[C@@H](C)NC(=O)[C@@H](N)Cc2c(C)cc(O)cc2C)CC1,1
CCC(=O)N(c1ccccc1)[C@@H]1CCN(C[C@@H](O)c2ccccc2)C[C@H]1C,1
CCC(=O)N(c1ccccc1)[C@H]1CCN(C[C@H](O)c2ccccc2)C[C@H]1C,1
CCCCC(c1cccc(F)c1)N1CC[C@H]1[C@@H](N)c1cccc(Cl)c1,0
CCCCC(c1cccc(F)c1)N1CC[C@H]1[C@H](N)c1cccc(Cl)c1,1
CCCCCCCC(=O)OC,0
CCCCCCCCCCCC(=O)OC,0
CCN(CC)C(=O)c1ccc(C(=C2CCNCC2)c2ccc(Cl)cc2)cc1,1
CCN(CC)C(=O)c1ccc(C(=C2CCNCC2)c2ccc(F)cc2)cc1,1
CCN(CC)C(=O)c1ccc(N(c2cccc(O)c2)C2CCN(CCc3ccco3)CC2)cc1,1
CCN(CC)C(=O)c1ccc(N(c2cccc(OC)c2)C2CCN(CCc3ccco3)CC2)cc1,1
CCN(CC)C(=O)c1ccc(N(c2cccc(O)c2)C2CCN(CCc3cccs3)CC2)cc1,1
CCN(CC)C(=O)c1ccc(N(c2cccc(OC)c2)C2CCN(CCc3cccs3)CC2)cc1,1
CCNC(=O)c1ccc(/C(=C2/C[C@@H]3CC[C@H](C2)N3C)c2ccccc2)cc1,1
CCNC(=O)c1ccc(/C(=C2\C[C@@H]3CC[C@H](C2)N3C)c2ccccc2)cc1,1
CCOC(=O)Nc1cccc([C@@H](c2ccc(C(=O)N(C)CC)cc2)N2CCN(Cc3c[nH]c(C)n3)CC2)c1,1
CCOC(=O)Nc1cccc([C@@H](c2ccc(C(=O)N(C)CC)cc2)N2CCN(Cc3nc[nH]c3C)CC2)c1,1
CCOCCN1CCC23CCCC[C@H]2[C@H]1Cc1cc(O)ccc13,1
COCCN1CCC23CCCC[C@H]2[C@H]1Cc1cc(O)ccc13,1
CN1CCC23c4c5ccc(O)c4O[C@@]2(C)C(=O)C=C[C@@]3(NC(=O)/C=C/c2ccc([N+](=O)[O-])cc2)C1C5,1
COc1ccc2c3c1O[C@@]1(C)C(=O)C=C[C@@]4(NC(=O)/C=C/c5ccc([N+](=O)[O-])cc5)C(C2)N(C)CCC341,1
CNC(c1cccc(O)c1)C(C)(C)C(=O)NCC1CC1,1
CNC(c1cccc(O)c1)C(C)(C)C(=O)NCC1CCCCC1,1
COC(=O)[C@@H]1C[C@H](OC(=O)c2ccccc2)C=C2[C@@]1(C)CC[C@H]1C(=O)O[C@H](c3ccoc3)C[C@]21C,1
COC(=O)[C@@H]1C[C@H](OC(C)=O)C=C2[C@@]1(C)CC[C@H]1C(=O)O[C@H](c3ccoc3)C[C@]21C,1
COC(=O)[C@@H]1C[C@H](OC(=O)c2ccccc2)C[C@H]2[C@@]1(C)CC[C@H]1C(=O)O[C@H](c3ccoc3)C[C@]21C,1
COC(=O)[C@@H]1C[C@H](OC(C)=O)C[C@H]2[C@@]1(C)CC[C@H]1C(=O)O[C@H](c3ccoc3)C[C@]21C,1
COCCNC1c2ccccc2CCC1c1ccsc1,1
COCCN[C@@H]1c2ccccc2CC[C@H]1c1ccsc1,1
COCN1CN(c2ccccc2)C2(CCN(C3CCc4cccc(Cl)c4C3)CC2)C1=O,1
O=C1N(CCO)CN(c2ccccc2)C12CCN(C1CCc3cccc(Cl)c3C1)CC2,1
CO[C@@]12CCC3(C[C@@H]1[C@](C)(O)C(C)C)[C@H]1Cc4ccc(O)c5c4C3(CCN1C)[C@H]2O5,1
CO[C@@]12CCC3(C[C@H]1[C@@](C)(O)C(C)(C)C)[C@H]1Cc4ccc(O)c5c4C3(CCN1C)[C@H]2O5,1
CS(=O)(=O)N1CCC(c2ccccc2)(c2nccn2Cc2ccccc2)CC1,1
NS(=O)(=O)N1CCC(c2ccccc2)(c2nccn2Cc2ccccc2)CC1,1
C[C@@H]1C2Cc3ccc(O)cc3[C@]1(C)CCN2,1
C[C@H]1C2Cc3ccc(O)cc3[C@@]1(C)CCN2,1
C[C@H]1CN(C/C=C/c2ccccc2Cl)CC[C@@]1(C)c1cccc(O)c1,1
Cc1ccccc1/C=C/CN1CC[C@@](C)(c2cccc(O)c2)[C@@H](C)C1,1
C[C@H]1[C@H]2Cc3ccc(N)cc3[C@@]1(C)CCN2C[C@@H]1CCCO1,1
C[C@H]1[C@H]2Cc3ccc(O)cc3[C@@]1(C)CCN2C[C@@H]1CCCO1,1
C[C@]12CC[C@@H](NC(=O)CCN3CCCCC3)C[C@@]1(c1cccc(O)c1)CCN(CCCc1ccccc1)C2,1
C[C@]12CC[C@@H](NC(=O)CCN3CCc4ccccc4C3)C[C@@]1(c1cccc(O)c1)CCN(CCCc1ccccc1)C2,1
C[C@]12CC[C@@H]3c4ccc(O)cc4CC[C@H]3[C@@H]1CC[C@@H]2O,0
C[C@]12CC[C@@H]3c4ccc(O)cc4CC[C@H]3[C@@H]1CC[C@H]2O,0
Cc1cc(C)cc([C@@H]2CCCN2Cc2ccc(Oc3ccc(C(N)=O)cc3F)cc2)c1,1
Cc1cc(C)cc([C@H]2CCCN2Cc2ccc(Oc3ccc(C(N)=O)cc3F)cc2)c1,1
Cc1cc(O)cc(C)c1C[C@H](N)C(=O)N1Cc2ccccc2C[C@H]1CN,1
Cc1cc(O)cc(C)c1C[C@H](N)C(=O)N1Cc2ccccc2C[C@H]1CO,1
Cc1cc(O)cc(C)c1C[C@H](N)C(=O)N1Cc2ccccc2C[C@H]1CNCC(C)(C)C,1
Cc1cc(O)cc(C)c1C[C@H](N)C(=O)N1Cc2ccccc2C[C@H]1CNCc1ccccc1,1
Cc1cccc(O)c1C(=O)C1=CCCN2CCC[C@@H]12,0
Cc1cccc(O)c1C(=O)C1=CCCN2CCC[C@H]12,1
Cl[C@H]1[C@H](Cl)[C@@H](Cl)[C@@H](Cl)[C@H](Cl)[C@H]1Cl,0
Cl[C@H]1[C@H](Cl)[C@@H](Cl)[C@H](Cl)[C@@H](Cl)[C@@H]1Cl,0
Cn1c2c(c3ccccc31)C[C@@]1(O)[C@H]3Cc4ccc(O)c5c4[C@@]1(CCN3CC1CC1)[C@H]2O5,1
[11CH3]n1c2c(c3ccccc31)C[C@@]1(O)[C@H]3Cc4ccc(O)c5c4[C@@]1(CCN3CC1CC1)[C@H]2O5,1
NC(=O)[C@@H]1Cc2ccccc2CN(C(=O)C[C@H](Cc2ccccc2)NC(=O)[C@@H]2CCCN2C(=O)[C@@H](N)Cc2ccc(O)cc2)C1,1
NC(=O)[C@H]1Cc2ccccc2CN(C(=O)C[C@H](Cc2ccccc2)NC(=O)[C@@H]2CCCN2C(=O)[C@@H](N)Cc2ccc(O)cc2)C1,1
NC(=O)c1ccc(Oc2ccc(CN3CCCC3c3cccnc3)cc2)c(Cl)c1,1
NC(=O)c1ccc(Oc2ccc(CN3CCC[C@H]3c3cccnc3)cc2)c(Cl)c1,1
NC(=O)c1ccc2c(c1)[C@@]13CCCC[C@H]1[C@@H](C2=O)N(CC1CCC1)CC3,1
O=C(O)c1ccc2c(c1)[C@@]13CCCC[C@H]1[C@@H](C2=O)N(CC1CCC1)CC3,1
NC(=O)c1ccc2c(c1O)[C@]13CCN(CC4CC4)[C@H](C2)[C@]1(O)CCC(=O)C3,1
NC(=O)c1ccc2c(c1O)[C@]13CCN(CC4CCC4)[C@H](C2)[C@]1(O)CCC(=O)C3,1
NC(=O)c1ccc2c(c1O)[C@]13CCN(CC4CCC4)[C@H](C2)[C@]1(O)CC[C@@H](O)C3,1
NC(=O)c1ccc2c(c1O)[C@]13CCN(CC4CCC4)[C@H](C2)[C@]1(O)CC[C@H](O)C3,1
N[C@@H](c1cccc(C(F)(F)F)c1)[C@@H]1CCN1C(c1ccccc1)c1ccccc1,1
N[C@H](c1cccc(C(F)(F)F)c1)[C@H]1CCN1C(c1ccccc1)c1ccccc1,1
N[C@H](c1cccc(Cl)c1)[C@@H]1CCN1C(c1cccc(Cl)c1)c1cccc(Cl)c1,1
N[C@H](c1cccc(Cl)c1)[C@@H]1CCN1C(c1cccc(F)c1)c1cccc(F)c1,1
O=C1NCN(c2ccccc2)C12CCN(C(c1cccc(Cl)c1)c1cccc(Cl)c1)CC2,0
O=C1NCN(c2ccccc2)C12CCN(C(c1cccc(F)c1)c1cccc(F)c1)CC2,0
O=C1[C@@H]2CCC[C@@]1(c1cccc(O)c1)CCN2CCc1ccccc1,1
O=C1[C@H]2CCC[C@]1(c1cccc(O)c1)CCN2CCc1ccccc1,1
Oc1ccc2c3c1O[C@H]1[C@H](OCc4ccccc4CN=C=S)CC[C@@]4(O)C(C2)N(CC2CC2)CCC314,1
Oc1ccc2c3c1O[C@H]1[C@H](OCc4ccccc4N=C=S)CC[C@@]4(O)C(C2)N(CC2CC2)CCC314,1
Oc1cccc2c1O[C@@H]1CN(CCc3ccccc3)[C@@H]3CCC[C@]21C3,1
Oc1cccc2c1O[C@H]1CN(CCc3ccccc3)[C@@H]3CCC[C@]21C3,1
c1cc2c(cc1CNc1ccc3c(c1)[C@@]14CCCC[C@H]1[C@@H](C3)N(CC1CC1)CC4)OCO2,1
c1cc2c(cc1CNc1ccc3c(c1)[C@@]14CCCC[C@H]1[C@@H](C3)N(CC1CCC1)CC4)OCO2,1
C#CCN1CC[C@]23CCCC[C@H]2[C@H]1C(=O)c1ccc(O)cc13,1
C#CCOS(=O)OC1CCCCC1Oc1ccc(C(C)(C)C)cc1,0
C#C[C@]1(O)CC[C@H]2[C@@H]3CCc4cc(O)ccc4[C@H]3CC[C@@]21C,0
C1=C(c2ccccc2)c2ccccc2OC12CCNCC2,1
C=C(C)C(=O)O[Sn](CCCC)(CCCC)CCCC,1
C=C(C)CN1CCC23c4c5ccc(O)c4O[C@H]2c2oc4ccccc4c2C[C@@]3(O)C1C5,1
C=C(C)CN1CCC23c4c5ccc(OC)c4O[C@H]2C(=O)/C(=C/c2ccccc2)C[C@@]3(O)C1C5,1
C=CCN1CCC(c2ccc(C(=O)N(CC)CC)cc2)(c2cccc(O)c2)CC1,1
C=CCN1CCN(C(c2ccccc2)c2ccc(-c3ccccc3)cc2)CC1,1
C=CCN1CCN(C(c2ccccc2)c2ccc(C(=O)N(Cc3cccnc3)CC(OCCC)OCCC)cc2)CC1,1
C=CCN1CCN(C(c2ccccc2)c2ccc(C(=O)N3CCCCC3)cc2)CC1,1
C=CCN1CC[C@]23c4c5ccc(O)c4O[C@H]2[C@@H](O)C=C[C@H]3[C@H]1C5,1
C=CCN1CN(c2ccccc2)C2(CCN(C(c3ccccc3)c3ccccc3)CC2)C1=O,0
C=CCN1C[C@H](C)N([C@@H](c2ccc(-c3ccccn3)cc2)c2cccc(OC)c2)C[C@H]1C,1
C=CCN1C[C@H](C)N([C@@H](c2cccc(O)c2)c2cccc(C(=O)N(C)c3cccc(F)c3)c2)C[C@H]1C,1
C=CCN1[C@H]2CC[C@@H]1CC(N(c1ccccc1)c1ccc(C(=O)N(CC)CC)cc1)C2,1
C=CN1CCCC1=O,0
CC#C[C@]1(O)CC[C@H]2[C@@H]3CCC4=CC(=O)CCC4=C3[C@@H](c3ccc(N(C)C)cc3)C[C@@]21C,0
CC(=O)N(c1ccccc1)C1CCN(c2cc(N)ccn2)CC1,1
CC(=O)Oc1ccc2c(c1)[C@H]1c3cc(OC(C)=O)ccc3[C@H](C2)N2CCC[C@@H]12,1
CC(=O)S[C@@H]1CC2=CC(=O)CC[C@]2(C)[C@H]2CC[C@@]3(C)[C@@H](CC[C@@]34CCC(=O)O4)[C@@H]21,1
CC(=O)[C@@]1(O)CC[C@H]2[C@@H]3CCC4=CC(=O)CC[C@]4(C)[C@H]3CC[C@@]21C,0
CC(C)(C)CC(C)(C)c1ccc(O)c(-n2nc3ccccc3n2)c1,0
CC(C)(C)c1cccc(C(C)(C)C)c1O,0
CC(C)(C)c1ccccc1O,0
CC(C)(C)c1csc(-c2cc3cc(OCc4ccccc4CC(=O)O)ccc3o2)n1,0
CC(C)(O)c1ccccc1CC[C@@H](SCC1(CC(=O)O)CC1)c1cccc(/C=C/c2ccc3ccc(Cl)cc3n2)c1,1
CC(C)(OOC(C)(C)c1ccccc1)c1ccccc1,0
CC(C)=CCCC(C)=CC=O,0
CC(C)CC(C)(O)C#CC(C)(O)CC(C)C,0
CC(C)CC(C)O,0
CC(C)CCC(c1ccccc1)N1CCC(O)(c2ccccc2)CC1,1
CC(C)CN1CCC23CCCC[C@H]2[C@H]1Cc1cc(O)ccc13,1
CC(C)C[C@H](NC(=O)[C@H](Cc1ccccc1)N1CN(C(=O)CNC(=O)[C@@H](N)Cc2ccc(O)cc2)CC1=O)C(N)=O,1
CC(C)C[C@H](NC(=O)[C@H](Cc1ccccc1)NC(=O)CNC(=O)CNC(=O)[C@@H](N)Cc1cccc(C(N)=O)c1)C(=O)O,1
CC(C)C[C@H](NC(=O)[C@H](Cc1ccccc1)NC(=O)CNC(=O)[C@H](NC(=O)[C@@H](N)Cc1ccc(O)cc1)[C@@H](C)O)C(=O)N[C@@H](CO)C(N)=O,1
CC(C)C[C@H]1C(=O)NCN1C(=O)[C@H](Cc1ccccc1)NC(=O)CNC(=O)CNC(=O)[C@@H](N)Cc1ccc(O)cc1,1
CC(C)C[C@H]1CN2C(=CC3=NC[C@H](Cc4ccccc4)N3C[C@@H]2Cc2ccc(O)cc2)N1,1
CC(C)N(C(=O)SCC(Cl)=C(Cl)Cl)C(C)C,0
CC(C)N(CCNC(=O)c1ccc(CNS(=O)(=O)c2ccc3ccccc3c2)cc1)Cc1ccccc1,0
CC(C)N1C(=O)c2ccccc2NS1(=O)=O,0
CC(C)NC(=O)N1CC(=O)N(c2cc(Cl)cc(Cl)c2)C1=O,0
CC(C)OC(=O)Nc1cccc(Cl)c1,0
CC(C)[C@@H](CN1CCC(c2ccccn2)CC1)NC(=O)[C@H]1Cc2ccc(O)cc2CN1,1
CC(C)[C@@H](CN1CC[C@@](C)(c2cccc(O)c2)[C@@H](C)C1)NC[C@H]1Cc2ccc(O)cc2CN1,1
CC(C)[C@H]1CC[C@@H](N2CCC3(CC2)[C@@H]2CN(CC4CC4)C[C@@H]2CN3c2ccc(F)cc2)CC1,1
CC(C)c1cccc(C(C)C)c1,0
CC(C)c1cccc(C(C)C)c1NC(=O)[N-]S(=O)(=O)c1cc(C(C)(C)O)co1,0
CC(CCN1CC[C@@](C)(c2cccc(C(N)=O)c2)[C@@H](C)C1)CC(C)(C)C,1
CC(O)CN(CCN(CC(C)O)CC(C)O)CC(C)O,0
CC(c1ccccc1)N1CCC(O)(c2ccccc2)CC1,0
CC1(C)C(=O)N(Cl)C(=O)N1Cl,0
CC1(C)C(C(=O)OC(C#N)c2cccc(Oc3ccccc3)c2)C1(C)C,0
CC1(C)C(C=C(Cl)Cl)C1C(=O)OC(C#N)c1cccc(Oc2ccccc2)c1,0
CC1(C)CCC(N2CCC(O)(c3ccccc3CN)CC2)c2ccccc21,0
CC1(C)SSC(C)(C)[C@@H](NC(=O)[C@]2(N)CCC3C=C(O)C=CC3C2)C(=O)NCC(=O)N[C@@H](Cc2ccccc2)C(=O)N[C@H]1C(=O)O,1
CC1(C)c2cc(O)ccc2CCC1N(CC1CC1)CC1CC1,1
CC1(COc2ccc(CC3SC(=O)NC3=O)cc2)CCCCC1,0
CC1(c2cccc(O)c2)CCN(CCCc2ccccc2)CC1,1
CC1=C(/C=C/C(C)=C/C=C/C(C)=C/C(=O)O)C(C)(C)CCC1,0
CC1=C(C(=O)Nc2ccccc2)SCCO1,0
CC1COC(Cn2cncn2)(c2ccc(Oc3ccc(Cl)cc3)cc2Cl)O1,0
CC1c2cccc3cccc(c23)C1C(=O)N(C)[C@H]1CCC2(CCCO2)C[C@@H]1N1CCCC1,1
CCC(=O)N(c1ccccc1)C1CCN(C(=O)[C@@H](N)Cc2cscn2)CC1,0
CCC(=O)N(c1ccccc1)C1CCN(CCc2ccccc2)CC1,1
CCC(=O)N(c1ccccc1)[C@H]1CCN(CCc2ccccc2)C[C@H]1C,1
CCC(C)(C)C(=O)O[C@H]1C[C@@H](C)C=C2C=C[C@H](C)[C@H](CC[C@@H]3C[C@@H](O)CC(=O)O3)[C@H]21,0
CCC(C)c1cc([N+](=O)[O-])cc([N+](=O)[O-])c1O,0
CCC(C)c1ccc(O)cc1,0
CCC(C)c1ccccc1O,0
CCC(C)n1c(=O)[nH]c(C)c(Br)c1=O,0
CCC1(c2ccccc2)C(=O)N=C([O-])NC1=O,0
CCC12CCN(CC3(O)CC3)C(Cc3ccc(O)cc31)C2(C)C,1
CCCC(=O)OCC,0
CCCC1COC(Cn2cncn2)(c2ccc(Cl)cc2Cl)O1,1
CCCCC(C#N)(Cn1cncn1)c1ccc(Cl)cc1,0
CCCCC(CC)C(=O)O,0
CCCCC(CC)COC(=O)CCCCC(=O)OCc1ccccc1,0
CCCCC(CC)COC(=O)c1ccc(C(=O)OCC(CC)CCCC)cc1,0
CCCCC(O)(Cn1cncn1)c1ccc(Cl)cc1Cl,0
CCCCCC(=O)NCCCN1CCCC1CC(=O)c1c(C)cccc1O,0
CCCCCCCC/C=C\CCCCCCCC(=O)OC[C@@H](O)[C@H]1OC[C@H](O)[C@H]1O,0
CCCCCCCCCCOc1ccc2c(c1)[C@@]13CCCC[C@H]1[C@@H](C2)N(CC1CCC1)CC3,1
CCCCCCCCN(C)C,0
CCCCCCCC[Si](OCC)(OCC)OCC,0
CCCCCOC(=O)COc1cc(N2C(=O)C3=C(CCCC3)C2=O)c(F)cc1Cl,0
CCCCCOC(C)=O,0
CCCCOc1cccc2c1C13CCN(CC4CC4)[C@H](C2)[C@]1(OC)CCC(=O)C3,1
CCCCc1ccccc1,0
CCCCc1nc2cccnc2n1Cc1ccc(-c2ccccc2-c2nnn[n-]2)cc1,0
CCCN(CC)CC1COC2(CCC(C(C)(C)C)CC2)O1,0
CCCN(CCC)C1CCc2ccc(O)cc2C1(C)C,1
CCCN(CCC)N=O,0
CCCN(CCC)c1c([N+](=O)[O-])cc(S(N)(=O)=O)cc1[N+](=O)[O-],0
CCCOC(=O)c1cc(O)c(O)c(O)c1,0
CCCSP(=O)(OCC)Oc1ccc(Br)cc1Cl,0
CCCc1cc(=O)[nH]c(=S)[nH]1,0
CCCc1ccccc1,0
CCN(CC)C(=O)c1ccc(C(=C2CCN(Cc3ccc(F)cc3)CC2)c2cccc3cccnc23)cc1,1
CCN(CC)C(=O)c1ccc(C(=C2CCN(Cc3ccc(F)cc3)CC2)c2ccccn2)cc1,1
CCN(CC)C(=O)c1ccc(C(=C2CCN(c3ccccc3)CC2)c2ccccc2)cc1,1
CCN(CC)C(=O)c1ccc(C(=C2CCNCC2)c2ccc(SC)cc2)cc1,1
CCN(CC)C(=O)c1ccc(C(=C2CCNCC2)c2cccc(OC)c2)cc1,1
CCN(CC)C(=O)c1ccc(C(=C2CCNCC2)c2ccccc2OC)cc1,1
CCN(CC)C(=O)c1ccc(C(=C2CCNCC2)c2cccs2)cc1,1
CCN(CC)C(=O)c1ccc(C(c2cccc(OC)c2)N2CC(C)NCC2(C)C)cc1,1
CCN(CC)C(=O)c1ccc(C(c2cccc3c2OC(C)(C)C3)N2CCNCC2)cc1,1
CCN(CC)C(=O)c1ccc(C(c2ccccc2)C2CCNCC2)cc1,1
CCN(CC)C(=O)c1ccc(C(c2ccccc2)N(C)CCNC)cc1,1
CCN(CC)C(=O)c1ccc(C(c2ccccc2)N2CCN(CC3CCc4ccccc4C3)CC2)cc1,1
CCN(CC)C(=O)c1ccc(C(c2ccccc2)N2CCN(c3ccc(O)cc3)CC2)cc1,1
CCN(CC)C(=O)c1ccc(C(c2ccccc2)N2CCNC3CCCCC32)cc1,1
CCN(CC)C(=O)c1ccc(C2=CC3(CCNCC3)Oc3cc(O)ccc32)cc1,1
CCN(CC)C(=O)c1ccc(C2=CC3(CCNCC3)Oc3ccc(O)cc32)cc1,1
CCN(CC)C(=O)c1ccc(C2=CC3(CCNCC3)Oc3cccc(O)c32)cc1,1
CCN(CC)C(=O)c1ccc(C2=CC3(CCNCC3)Oc3ccccc32)c(C)c1,1
CCN(CC)C(=O)c1ccc(C2=CC3(CCNCC3)Oc3ccccc32)c(F)c1,1
CCN(CC)C(=O)c1cccc(C)c1,0
CCN(CC)C(=S)SSC(=S)N(CC)CC,0
CCN(CC)CCNc1ccc(CNC=O)c2sc3ccc(OC)cc3c(=O)c12,1
CCN1CCN(Cc2ccc(NC(=O)c3ccc(C)c(NC(=O)c4cnc5cc(C(F)(F)F)ccc5c4O)c3)cc2C(F)(F)F)CC1,0
CCN1CCc2cc(C3=CC4(CCNCC4)Oc4ccccc43)ccc2C1=O,1
CCNS(=O)(=O)C(F)(F)C(F)(F)C(F)(F)C(F)(F)C(F)(F)C(F)(F)C(F)(F)C(F)(F)F,0
CCNc1nc(Cl)nc(NC(C)(C)C)n1,0
CCOC(=O)C(CN1CC[C@@](C)(c2cccc(O)c2)[C@@H](C)C1)OC(=O)[C@H]1Cc2ccc(O)cc2CN1,1
CCOC(=O)C(O)(c1ccc(Cl)cc1)c1ccc(Cl)cc1,0
CCOC(=O)Cc1c2c(n(Cc3ccccc3)c1O)[C@@H]1Oc3c(O)ccc4c3[C@@]13CCN(C)[C@H](C4)[C@]3(O)C2,1
CCOC(=O)N1CCC(c2ccccc2)(c2nccn2C(C)c2ccccc2)CC1,1
CCOC(=O)N1CCC(c2ccccc2)(c2nccn2C/C=C/c2ccccc2)CC1,1
CCOC(=O)NCCOc1ccc(Oc2ccccc2)cc1,0
CCOC(=O)O[C@H](C)OC(=O)c1ccc2c(c1)cc(C(=O)NC1CCN(C(C)C)CC1)n2Cc1cc(-c2ccc(Cl)s2)on1,1
CCOC(=O)[C@]1(c2ccccc2)Oc2ccccc2[C@@H]1N,1
CCOC(=O)c1ccc(N2CC3CCCCN3C2c2cccc(OC)c2O)cc1,0
CCOP(=O)(NC(C)C)Oc1ccc(SC)c(C)c1,0
CCOP(=S)(OCC)Oc1ccc2c(C)c(Cl)c(=O)oc2c1,0
CCOP(=S)(OCC)SCSP(=S)(OCC)OCC,0
CCOc1cccc([C@]2(N3CCN(c4ccccc4)CC3)CC[C@@H](C)CC2)c1,0
CC[C@@H]1CN2CC[C@]3(Nc4cccc(OC)c4C3=O)[C@@H]2C[C@@H]1/C(=C\OC)C(=O)OC,1
CC[C@@H]1CN2CCc3c([nH]c4cccc(OC)c34)[C@@H]2C[C@@H]1/C(=C\OC)C(=O)OC,1
CC[C@@H]1CN2CCc3c([nH]c4ccccc34)[C@@H]2C[C@@H]1/C(=C\OC)C(=O)OC,1
CC[C@@]1(c2cccc(NS(C)(=O)=O)c2)[C@H]2CN(CC3(O)Cc4ccccc4C3)C[C@H]21,1
CC[C@@]12CCN(C)C[C@@H]1Oc1c(O)cccc12,1
CC[C@@]12CCN(CC3CC3)C(C(=O)c3ccc(N)cc31)[C@@H]2C,1
CC[C@@]12CCN(CC3CC3)C(C(=O)c3ccc(O)cc31)[C@@H]2C,1
CC[C@H](c1ccc(O)cc1)[C@@H](CC)c1ccc(O)cc1,1
CC[C@H]1CC[C@H](NCc2cc3c(cc2OC)[C@H]2C[C@H]2C(=O)N3C)[C@H](c2ccccc2)N1,0
CCn1c(=O)n([C@@H]2CCN(CC3CCCCCCC3)C[C@H]2CO)c2ccccc21,1
CCn1nc(C)c2c1C(=O)NCC(c1ccc(O)cc1)=N2,0
CN(C(=O)Cc1cc(Cl)c(Cl)cc1N=C=S)[C@H](CN1CCCC1)c1ccccc1,1
CN(C(=O)Cc1ccc(Cl)c(Cl)c1)C(CN1CCCC1)c1cccc(OCC(=O)O)c1,0
CN(C(=O)Cc1ccc(Cl)c(Cl)c1)[C@H]1CC[C@@]2(CCCO2)C[C@@H]1N1CCCC1,1
CN(C(=O)Cc1cccc(CNS(C)(=O)=O)c1)[C@H](CN1CCCC1)c1ccccc1,1
CN(C(=O)Cc1cccc(N=C=S)c1)[C@H](CN1CCCC1)c1ccccc1,1
CN(C)C(=O)C1(N2CCCCC2)CCN(CCC2(c3ccc(Cl)c(Cl)c3)CN(C(=O)c3ccccc3)CCO2)CC1,1
CN(C)C(=O)Cl,0
CN(C)C(=O)Nc1ccc(Cl)c(Cl)c1,0
CN(C)C(=O)Nc1ccc(Cl)cc1,0
CN(C)C(=S)SSC(=S)N(C)C,0
CN(C)C(CN=C(S)Nc1ccccc1Cl)c1cccnc1,0
CN(C)C(CNC(=O)Cc1ccc(Br)cc1)c1ccccc1,0
CN(C)C1(c2ccccc2)CCC2(CC1)OCCc1c2[nH]c2ccc(F)cc12.O=C(O)CC(O)(CC(=O)O)C(=O)O,1
CN(C)C1(c2ccccc2)CCC2(CC1)OCCc1c2[nH]c2ccccc12,1
CN(C)C[C@H]1CCCC[C@]1(O)c1cccc(C(N)=O)c1,1
CN(C)Cc1nnc(-c2ccc(C(C)(C)C)cc2)n1-c1cccc(O)c1,1
CN(C)[C@@H]1C(O)=C(C(N)=O)C(=O)[C@@]2(O)C(O)=C3C(=O)c4c(O)cccc4[C@@](C)(O)[C@H]3C[C@@H]12,0
CN(C)[C@H](CN[C@H](CN)Cc1ccc(O)cc1)Cc1ccc(O)cc1,0
CN(C)c1cc(NC(=O)Nc2ccccc2)c2ccccc2n1,0
CN(C)c1ccc(C(=O)c2ccc(N(C)C)cc2)cc1,0
CN(C)c1ccc(Cc2ccc(N(C)C)cc2)cc1,0
CN(C)c1nnc(-c2ccc3ccccc3c2)n1-c1cccc(O)c1,1
CN(CCc1ccccn1)[C@H]1C2C3CC4C5C3CC2C5C41,1
CN(C[C@@H](CC[N+]12CCC(C3CCCCC3)(CC1)CC2)c1ccc(Cl)c(Cl)c1)C(=O)c1cc(C(F)(F)F)cc(C(F)(F)F)c1,0
CN1C(CC(=O)Nc2ccc(Br)cc2)c2ccccc2CC1(C)C,0
CN1CCC23c4c5ccc(O)c4OC2c2n[nH]cc2CC3(O)C1C5,1
CN1CCC23c4c5ccc(O)c4O[C@@]2(C)C(=O)CC[C@@]3(NC(=O)/C=C/c2ccc([N+](=O)[O-])cc2)C1C5,1
CN1CCN(C(=O)N2CCC(c3ccccc3)(c3nccn3Cc3ccccc3)CC2)CC1,1
CN1CCN(c2ccc(NC(=O)c3ccc(-c4cccc([N+](=O)[O-])c4)o3)cc2)CC1,0
CN1CCN(c2cccc(O)c2)CC1,1
CN1CC[C@@]2(c3cccc(O)c3)C[C@@H]1C[C@H](c1ccccc1)C2,1
CN1CC[C@]2(c3cccc(O)c3)Cc3nc4ccccc4cc3C[C@H]2C1,1
CN1CC[C@]23CC(=O)CC[C@@]2(O)[C@H]1Cc1ccc(C(=O)NCCc2nc4ccccc4[nH]2)c(O)c13,1
CN1CC[C@]23CCCC[C@H]2[C@H]1C(=O)c1ccc(O)cc13,1
CN1CC[C@]23CCCC[C@H]2[C@H]1Cc1ccc(NCc2cccc(O)c2)cc13,1
CN1CC[C@]23CCCC[C@H]2[C@H]1Cc1ccc(O)cc13,1
CN1CC[C@]23Cc4nc(N)sc4C[C@H]2[C@H]1Cc1ccc(O)cc13,1
CN1CC[C@]23Cc4nc5ccccc5cc4C[C@@]2(O)[C@H]1Cc1ccc(O)cc13,1
CN1CC[C@]23c4c5ccc(NCc6ccccc6)c4O[C@H]2[C@@H](O)C=C[C@H]3[C@H]1C5,1
CN1CC[C@]23c4c5ccc(O)c4O[C@@]2(C)C(=O)CC[C@@]3(NC(=O)CSSCC(=O)N[C@@]23CCC(=O)[C@]4(C)Oc6c(O)ccc7c6[C@]24CCN(C)C3C7)C1C5,1
CN1CC[C@]23c4c5ccc(O)c4O[C@H]2c2[nH]c4ccccc4c2C[C@H]3[C@H]1C5,1
CN1CCc2cc(-c3ccc(C(c4ccccc4)N4CCNCC4)cc3)ccc2C1=O,1
CN1CN(c2ccccc2)C2(CCN(C(c3ccccc3)c3ccccc3)CC2)C1=O,0
CN1C[C@@H]2Oc3ccc(O)cc3[C@@]23CCC[C@@H]1C3,1
CN1C[C@@H]2[C@H](C1)CN(c1ccccc1)C21CCN([C@H]2CC[C@@H]3CCCC[C@@H]3C2)CC1,1
CN1[C@@H](Cc2ccccc2)[C@H]2c3ccccc3C[C@@H]1c1ccccc12,1
CN=C=S,0
CNC(=O)Cn1c(=O)n(C2CCN([C@H]3CC[C@@H](C(C)C)CC3)CC2)c2ccccc21,1
CNC(=O)ON=C(SC)C(=O)N(C)C,0
CNC(=O)ON=CC(C)(C)SC,0
CNC(c1cccc(O)c1)C(C)(C)C(=O)NCCc1ccccc1,1
CNC[C@H](Cc1ccc(O)cc1)N(Cc1ccccc1)C[C@H](Cc1ccc(O)cc1)N(C)C,0
CNC[C@H](Cc1ccc(O)cc1)N(Cc1ccccc1)C[C@H](Cc1ccc(O)cc1)NC,0
CO/C=C(/C(=O)OC)c1ccccc1COc1cccc(C(F)(F)F)n1,0
CO/N=C(/C1=NOCCO1)c1ccccc1Oc1ncnc(Oc2ccccc2Cl)c1F,0
COC(=O)CCC(=O)OC,0
COC(=O)N(OC)c1ccccc1COc1ccn(-c2ccc(Cl)cc2)n1,0
COC(=O)[C@@H]1C[C@H](OC(C)=O)C(=O)[C@H]2[C@@]1(C)CC[C@H]1C(=O)O[C@H](c3ccoc3Br)C[C@]21C,1
COC(=O)[C@H]1[C@H]2C[C@@H]3c4[nH]c5cc(OC)ccc5c4CCN3C[C@H]2C[C@@H](OC(=O)c2cc(OC)c(OC)c(OC)c2)[C@@H]1OC,0
COC(=O)c1cc(Br)cnc1N1CCC(NC2CCCC(O)C2)CC1,0
COC(=O)c1cc(Br)cnc1N1CCC(NC2CCCCC2)C1,0
COC(=O)c1ccc(C(c2ccccc2)N2CCNCC2)cc1,1
COC(=O)c1ccccc1C(=O)OC,0
COC(O)C=C(C)O[PH](O)(OC)OC,0
COC1(c2ccccc2)CCN(C(c2ccccc2)c2ccccc2)CC1,1
COCC(=O)N1CCC(c2ccccc2)(c2nccn2C(C)c2ccccc2)CC1,1
COCC(C)N(C(=O)CCl)c1c(C)csc1C,0
COCC(C)O,0
COCC12Cc3ccc(O)cc3C(C)(CCC1N(C)C)C2,1
COCCN(C(=O)c1ccc(Cl)c(Cl)c1)C1c2ccccc2C=CC1N1CCN(c2ccccc2)CC1,1
COCCN(C(=O)c1ccco1)C1c2ccccc2C=CC1N1CCN(c2ccccc2)CC1,1
COCCOc1cc2cc(C(=O)NC3CCN(C(C)C)CC3)n(CC(=O)Nc3ccc(Cl)cn3)c2cn1,0
CON(C)C(=O)Nc1ccc(Cl)c(Cl)c1,0
COP(=O)(OC)C(O)C(Cl)(Cl)Cl,0
COP(=O)(OC)OC=C(Cl)Cl,0
COP(=S)(OC)Oc1ccc([N+](=O)[O-])c(C)c1,0
CO[C@@]12Cc3cc(-c4ccc(Cl)cc4)cnc3[C@@H]3Oc4c(O)ccc5c4[C@@]31CCN(C)[C@@H]2C5,1
CO[C@H]1[C@H]([C@@]2(C)O[C@@H]2CC=C(C)C)[C@]2(CC[C@H]1OC(=O)NC(=O)CCl)CO2,0
CO[C@]12CC[C@@]3(C[C@@H]1[C@@](C)(O)C(C)(C)C)[C@H]1Cc4c(Cl)cc(O)c5c4[C@@]3(CCN1CC1CC1)[C@H]2O5,1
COc1c(C(N)=O)ccc2c1[C@]13CCN(CC4CC4)[C@H](C2)[C@]1(O)CCC(=O)C3,1
COc1c(O)ccc2c1C13CCN(CC4CC4)C(C2)[C@]1(O)CCC(=O)C3,1
COc1c(O)ccc2c1[C@]13CCN(C)[C@H](C2)[C@]1(O)Cc1c([nH]c2ccccc12)C3,1
COc1cc(-c2ccc(N)c(OC)c2)ccc1N,0
COc1cc(C)c2c3c1O[C@H]1[C@H](F)[C@H](C)C[C@H]4[C@@H](C2)N(C)CC[C@@]341,1
COc1cc(C=O)cc2c1[C@H](COC(N)=O)[C@]1(OC(C)=O)ON2C[C@H]2[C@@H]1N2C(C)=O,0
COc1cc(C=O)ccc1O,0
COc1cc(OC)c(OC)cc1CCC(C)NCCC(c1ccccc1)c1ccccc1,0
COc1cc(OC)nc(NC(=O)NS(=O)(=O)c2cc(NC=O)ccc2C(=O)N(C)C)n1,0
COc1ccc(-c2ccccc2)cc1NNC(=O)OC(C)C,0
COc1ccc(-c2cccn(C(CN3CCCC3)c3ccccc3)c2=O)cc1,1
COc1ccc(/C=C/S(=O)(=O)[N-]C(=O)c2ccc(C)cc2Cl)cc1,0
COc1ccc(C(=O)NC2(c3ccccc3)CCN(c3cc(N)ccn3)CC2)cc1Cl,1
COc1ccc(C(=O)Nc2nc3ccccc3c(NCc3ccccc3)c2C#N)cc1,0
COc1ccc(C(CNC(=O)c2ccc(S(=O)(=O)N(C)C)cc2)N(C)C)cc1,0
COc1ccc(C(CNC(=O)c2ccc3c(c2)CCC3)N(C)C)cc1,1
COc1ccc(C(CNc2ncnc3sc(C)c(C)c23)N(C)C)cc1,0
COc1ccc(C[C@H]2CN3C(=NC[C@@H]3C)N2CCCC2CCCCC2)cc1,1
COc1ccc([N+](=O)[O-])cc1N,0
COc1ccc2c(c1)C=C(CN1CCC(CO)(CCc3ccccc3)CC1)CO2,0
COc1ccc2c(c1)[C@H]1c3cc(OC)ccc3[C@H](C2)N(CC2CC2)[C@@H]1C,1
COc1ccc2c(c1O)[C@]13CCN(C)C(C2)[C@]12CCC(=O)[C@H]3/C(=C/c1ccccc1)C2,1
COc1ccc2c(c1OC)[C@]13CC[N+](C)(C)[C@H](C2)[C@]12C=C[C@]1(OC)[C@H]3N=C(c3ccccc3)[C@]1(C)C2,1
COc1ccc2c3c1O[C@H]1C(=O)CC[C@@]4(NCC#Cc5ccc(Cl)cc5)[C@@H](C2)N(CC2CC2)CC[C@]314,1
COc1cccc([C@H](O)C2CCN(CCc3ccc(F)cc3)CC2)c1OC,0
COc1cccc2c1O[C@H]1CCC[C@H]3CN(CC4CC4)CC[C@]213,1
COc1cccc2c1O[C@H]1[C@@H](O)CC[C@H]3CN(CC4CC4)CC[C@@]231,1
COc1cccc2c1[C@]13CCN(CC4CC4)[C@H](C2)[C@]1(OC)CCC(=O)C3,1
COc1ccccc1C(c1ccccc1OC)N1CCC(O)(c2ccccc2)CC1,0
COc1ccccc1C1CCN(Cc2ccc3c(c2)CCC(C)(C)O3)CC1,0
COc1nc(C)nc(NC(=O)NS(=O)(=O)c2ccccc2Cl)n1,0
COc1nc(NC(C)C)nc(NC(C)C)n1,0
COc1nn(CSP(=S)(OC)OC)c(=O)s1,0
CS(=O)(=O)NC(=O)c1cc(Oc2ccc(C(F)(F)F)cc2Cl)ccc1[N+](=O)[O-],0
CS(=O)(=O)OCCCCOS(C)(=O)=O,0
CS(=O)(=O)c1c[nH]c(C(=O)Nc2nc3cccnc3n2CCN2CCCC2)c1,1
CS/C(C)=N/OC(=O)N(C)SN(C)C(=O)O/N=C(\C)SC,0
CSC(=O)c1cccc2nnsc12,0
CSC1=N[C@@](C)(c2ccccc2)C(=O)N1Nc1ccccc1,0
CSc1ccc(Oc2ccc(S(N)(=O)=O)cc2CN(C)C)cc1C,1
CSc1nc(NC(C)C)nc(NC(C)C)n1,0
C[As](C)(=O)O,0
C[C@@H](C(=O)N[C@@H]1C[C@@H]2C[C@](c3cccc(O)c3)(C1)[C@@H](C)CN2CCCc1ccccc1)c1ccccc1,1
C[C@@H](NC(=O)[C@@H](N)Cc1ccc(O)cc1)C(=O)NCC(=O)N(C)[C@@H](Cc1ccccc1)C(=O)NCCO,1
C[C@@H]1CN(CCCc2ccccc2)[C@@H]2CCC[C@]1(c1cccc(O)c1)C2,1
C[C@@H]1C[C@H]2[C@@H]3CCC4=CC(=O)C=C[C@]4(C)[C@@]3(F)[C@@H](O)C[C@]2(C)[C@@]1(O)C(=O)COP(=O)([O-])[O-],0
C[C@@H]1[C@H]2c3cc(Nc4ccccc4)ccc3C[C@@H](c3ccc(Nc4ccccc4)cc32)N1CC1CC1,1
C[C@@H]1[C@H]2c3cc(O)ccc3C[C@@H](c3ccc(O)cc32)N1CC1CC1,1
C[C@@]12Oc3c(O)ccc4c3C13CCN(CC1CC1)C(C4)[C@]3(NC(=O)CCc1ccc([N+](=O)[O-])cc1)CCC2=O,1
C[C@H]1C2C(=O)c3ccc(N)cc3[C@@]1(C)CCN2CC1CC1,1
C[C@H]1C2C(=O)c3ccc(O)cc3[C@@]1(C)CCN2CC1CC1,1
C[C@H]1C2Cc3ccc(N(C)C)cc3[C@@]1(C)CCN2CC1CC1,1
C[C@H]1C2Cc3ccc(N=C(c4ccccc4)c4ccccc4)cc3[C@@]1(C)CCN2CC1CC1,1
C[C@H]1C2Cc3ccc4[nH]nnc4c3[C@@]1(C)CCN2CC1CC1,1
C[C@H]1CC=CC2=C1C(=O)[C@H]1[C@@H]3CCCN3CC[C@H]1O2,1
C[C@H]1CC[C@@]2(c3cccc(O)c3)CCN(C)[C@@H]1C2,1
C[C@H]1CN(C)CC[C@@]1(C)c1cccc(O)c1,1
C[C@H]1CN(CCc2ccccc2)[C@H](CCNC(=O)c2ccccc2)C[C@@]1(C)c1cccc(O)c1,1
C[C@H]1CN(CCc2ccccc2)[C@H](c2ccccc2)C[C@@]1(C)c1cccc(O)c1,1
C[C@H]1CN2CCN(CC3CCCCC3)C[C@H]2C[C@@]1(C)c1cccc(O)c1,1
C[C@H]1CN2CCN(Cc3cccs3)C[C@H]2C[C@@]1(C)c1cccc(O)c1,1
C[C@H]1CN2C[C@H](C3CCCCC3)NC[C@H]2C[C@@]1(C)c1cccc(O)c1,1
C[C@H]1[C@H]2Cc3ccc(O)cc3[C@]1(C)CCN2CCC(=O)Nc1ccccc1,1
C[C@]12CCCC[C@@]1(c1cccc(O)c1)CCN(CCCc1ccccc1)C2,1
C[C@]12Cc3ccccc3C[C@@]1(c1cccc(O)c1)CCN(CCc1ccccc1)C2,1
C[Si]1(C)O[Si](C)(C)O[Si](C)(C)O[Si](C)(C)O1,0
Cc1[nH]c([C@@H]2CCCCN2C(=O)[C@@H](N)Cc2ccc(O)cc2)nc1-c1ccccc1,1
Cc1[nH]c2ccccc2c1/C=C1\SC(=N)N(c2nccs2)C1=O,0
Cc1cc(C)c(C(=O)N2CCC(c3ccccc3)(c3nccn3Cc3ccccc3)CC2)c(C)c1,1
Cc1cc(Cc2ccc(N)c(C)c2)ccc1N,0
Cc1cc(Cl)ccc1OCC(=O)O,0
Cc1cc(N2CCCc3cc(C(N)=O)ccc32)ccc1CNC1Cc2ccccc2C1,1
Cc1cc(O)cc(C)c1C[C@@H](C(=O)N1Cc2ccccc2C[C@H]1C(=O)OC1=C2O[C@H]3[C@@H](O)C=C[C@H]4[C@H]5CC(C=C1)C2[C@@]34CCN5C)N(C)C,1
Cc1cc(O)cc(C)c1C[C@H](N)C(=O)N1CCC[C@H]1C(=O)N[C@@H](Cc1ccccc1)C(=O)N[C@H](Cc1ccc2ccccc2c1)C(N)=O,1
Cc1cc(O)cc(C)c1C[C@H](N)C(=O)N1Cc2c(cc(Br)c(O)c2Br)C[C@H]1C(=O)O,1
Cc1cc(O)cc(C)c1C[C@H](N)C(=O)N1Cc2ccccc2C[C@H]1C(=O)NCCC(=O)O,1
Cc1cc(O)cc(C)c1C[C@H](N)C(=O)N1Cc2ccccc2C[C@H]1COCc1ccccc1,1
Cc1cc(O)cc(C)c1C[C@H](N)C(=O)NC1CCNc2ccc(Cc3ccccc3)cc21,1
Cc1cc(O)cc(C)c1C[C@H](N)C(=O)NCCCCc1[nH]c(=O)cnc1C,1
Cc1cc(O)cc(C)c1C[C@H](N)C(=O)N[C@H]1Cc2ccccc2CN(CC(=O)Nc2ccccc2)C1=O,1
Cc1cc(O)cc(C)c1C[C@H](N)[C@@H](O)C/C=C/[C@H](O)[C@@H](Cc1ccccc1)C(=O)O[C@H](CO)Cc1ccccc1,1
Cc1ccc(C(C)C)c(O)c1,0
Cc1ccc(C(C)C)cc1,0
Cc1ccc(C2(O)CCN(C(c3ccccc3)c3ccccc3)CC2)cc1,0
Cc1ccc(CN2[C@H]3CC[C@@H]2C[C@@H](Oc2cccc(C(N)=O)c2)C3)o1,0
Cc1ccc(Cl)cc1,0
Cc1ccc(N)cc1N,0
Cc1ccc(O)cc1,0
Cc1ccc(S(=O)(=O)NC(=O)NN2CCCCCC2)cc1,0
Cc1ccc([N+](=O)[O-])cc1C,0
Cc1cccc(C(c2ccccc2)N2CCC(O)(c3ccccc3)CC2)c1,1
Cc1cccc(C)c1N,0
Cc1cccc(C2(O)CCN(C(c3ccccc3)c3ccccc3)CC2)c1,1
Cc1nc(-c2ccccn2)ncc1C(=O)Nn1cc(C)c2cc(F)ccc21,0
Cc1ncc([C@@H](CCCCCCc2ccc3c(n2)NCCC3)CC(=O)O)cn1,0
Cc1ncc([N+](=O)[O-])n1CCNC(=O)N1CCC(c2cc(-c3ccc(Cl)cc3Cl)[nH]n2)CC1,1
Cc1nn(-c2cc(NS(C)(=O)=O)c(Cl)cc2Cl)c(=O)n1C(F)F,0
Cc1nn(-c2ccc(Br)cc2Br)c2c1C(=O)CC(C)(C)C2,1
Cc1nn(-c2ccc(Cl)cc2Cl)c2c1C(=O)CC(C)(C)C2,1
Cc1oc2c(NC(=O)c3c(Cl)cccc3Cl)cccc2c1C(C)(C)O,0
Cc1occc(=O)c1O,0
ClC(Cl)c1ccccc1,0
ClC1=C(Cl)C2(Cl)C3C(Cl)C(Cl)CC3C1(Cl)C2(Cl)Cl,0
ClCCOCCCl,0
Clc1ccc(Cl)cc1,0
Clc1cccc(Cl)c1,0
Clc1cccc(Cl)c1Cl,0
Cn1c(=O)c2c(ncn2C)n(C)c1=O,0
Cn1cc(Cl)c(-c2nc3ccccc3n2[C@@H]2C[C@@H]3CCC[C@H](C2)N3[C@H]2C[C@H]3CCCC[C@H](C3)C2)n1,1
Cn1cnc([N+](=O)[O-])c1Sc1ncnc2nc[nH]c12,0
N#CC(Br)(Br)C(N)=O,0
N#CC(Br)Br,0
N#CCCCCC#N,0
N#CCn1c(=O)c(=O)n(C2CCN(C3CCCCCCC3)CC2)c2ccccc21,0
N#CN,0
N#CSCSC#N,0
N#C[C@@H]1CC(F)(F)CN1C(=O)CNC1CC2CCC(C1)N2c1ncccn1,0
N#Cc1c[nH]cc1-c1cccc2c1OC(F)(F)O2,0
N#Cc1ccc(C(c2ccccc2)N2CCNCC2)cc1,1
N#Cc1ccc(C2=CC3(CCNCC3)Oc3ccccc32)cc1,1
N#Cc1ccc(N(CC(N)=O)CC(F)(F)F)cc1C(F)(F)F,0
N#Cc1cccnc1,0
N=C(N)c1ccc(OCCCCCOc2ccc(C(=N)N)cc2)cc1.O=S(=O)(O)CCO.O=S(=O)(O)CCO,1
NC(=O)/N=c1\[nH]c2ccccc2n1C1CCN(C2CCCCCCC2)CC1,0
NC(=O)N(O)[C@@H]1C=C[C@H](Oc2cccc(Oc3ccc(F)cc3)c2)C1,0
NC(=O)N1c2ccccc2C=Cc2ccccc21,0
NC(=O)c1ccc(Oc2ccc(CNCc3ccccc3)cc2)nc1,1
NC(=O)c1ccc(Oc2ccc3c(c2)CCN(Cc2ccccc2)C3)nc1,1
NC(=O)c1ccc2c(c1)CCCN2c1ccc(CNC2Cc3ccccc3C2)c(Cl)c1,1
NC(=O)c1ccc2c(c1)CCCN2c1ccc(CNC2Cc3ccccc3C2)c(F)c1,1
NC(=O)c1ccc2c(c1)CCCN2c1cccc(C(=O)NCCC2=CCCCC2)c1,1
NC(=O)c1cccc(C[C@H]2C[C@@H]3CC[C@H](C2)N3Cc2ccccc2)c1,0
NC(=O)c1cccc(O[C@H]2C[C@@H]3CC[C@H](C2)N3Cc2ccc3c(c2)OCO3)c1,1
NCC1(Cc2noc(=O)[nH]2)CCCCC1,0
NCCCC(=O)NCCNC(=O)[C@H](Cc1ccccc1)NC(=O)CNC(=O)CNC(=O)[C@@H](N)Cc1ccc(O)cc1,0
NCc1cccc(C2CCN(C(=O)c3ccc(C#Cc4ccccc4F)o3)CC2)c1,1
NCc1ccccc1C1(O)CCN(C(c2ccccc2)c2ccccc2Cl)CC1,1
NCc1ccccc1C1(O)CCN(C(c2ccccc2Cl)c2ccccc2Cl)CC1,1
N[C@@H](Cc1ccc(O)cc1)C(=O)N1Cc2ccccc2C[C@H]1c1nc(-c2ccccc2)c[nH]1,1
N[C@@H](Cc1ccc(O)cc1)C(=O)N1Cc2ccccc2C[C@H]1c1nc2ccccc2[nH]1,1
N[C@@H](c1cc(F)cc(F)c1)[C@@H]1CCN1C(c1ccccc1)c1ccccc1,1
Nc1c(Cl)c(F)nc(OCC(=O)O)c1Cl,0
Nc1ccc(-c2ccc(N)cc2)cc1,0
Nc1ccc(/N=N/c2ccccc2)cc1,0
Nc1ccc(Cl)cc1N,0
Nc1ccc(S(=O)(=O)c2ccc(N)cc2)cc1,0
Nc1ccc2c(c1)C(=O)c1ccccc1C2=O,1
Nc1ccccc1N,0
Nc1ccnc(N2CCC(C(=O)N3CCc4ccccc4C3)(c3ccccc3)CC2)c1,1
Nc1ccnc(N2CCC3(CC2)OCc2ccccc23)c1,1
Nc1nc2nc[nH]c2c(=S)[nH]1,0
O=C(CN1CN(c2ccccc2)C2(CCN(C3CCc4cccc(Cl)c4C3)CC2)C1=O)c1ccccc1,1
O=C(COC1CCC2(O)C3Cc4ccc(O)c5c4C2(CCN3CC2CC2)C1O5)C1C2CC3CC(C2)CC1C3,1
O=C(Cc1ccc(Cl)c(Cl)c1)N1CCc2ccccc2C1CN1CCCC1,1
O=C(NC(=O)c1c(F)cccc1F)Nc1ccc(OC(F)(F)C(F)OC(F)(F)F)c(Cl)c1,0
O=C(NCC(=O)N(c1ccccc1)C1CCN(CCc2ccccc2)CC1)OCC1c2ccccc2-c2ccccc21,1
O=C(NC[C@@H]1Cc2ccccc2CN1C(=S)NC[C@H]1CCCN1)Nc1ccccc1,1
O=C(Nc1c(F)cccc1F)C(c1ccccc1)N1CCC(O)(c2ccccc2)CC1,0
O=C(Nc1ccc([N+](=O)[O-])cc1Cl)c1cc(Cl)ccc1O,0
O=C(Nc1nc2ccccc2n1CCN1CCCC1)c1ccc[nH]1,1
O=C(Nc1nc2ccccc2n1CCN1CCCC1)c1nc2ccccc2s1,0
O=C(O)C(Cl)Cl,0
O=C(O)CN(CC(=O)O)CC(=O)O,0
O=C(O)CO/N=C/c1nc2ccccc2n1[C@@H]1C[C@@H]2CCC[C@H](C1)N2[C@@H]1C[C@H]2CCC[C@H](C2)C1,1
O=C(O)COc1nc(Cl)c(Cl)cc1Cl,0
O=C(O)c1cc(/N=N/c2ccc(S(=O)(=O)Nc3ccccn3)cc2)ccc1O,0
O=C(O)c1cccc(N(Cc2cccnc2)c2ccc(OC(F)F)c(OC(F)F)c2)c1,0
O=C(OCn1ncc(Br)c(Br)c1=O)c1ccc(F)cc1,0
O=C([O-])C(Cl)(Cl)Cl,0
O=C([O-])c1[nH]n(-c2ccc(S(=O)(=O)[O-])cc2)c(=O)c1/N=N/c1ccc(S(=O)(=O)[O-])cc1,0
O=C([O-])c1ccccc1,0
O=C(c1cnn(-c2ccc(Cl)cc2)c1C(F)(F)F)N1CCN(c2ncnc3ccsc23)CC1,0
O=C1C(c2ccc(Cl)c(Cl)c2)CC=CCN1C(CN1CCCC1)c1ccccc1,1
O=C1CC(c2ccc(O)cc2)Oc2ccccc21,1
O=C1CCCCC1,0
O=C1CC[C@@]2(OCCCc3ccccc3)[C@H]3Cc4cccc(O)c4C2(CCN3CC2CC2)C1,1
O=C1CN(N=Cc2ccc([N+](=O)[O-])o2)C(=O)N1,0
O=C1NC(=O)C(c2ccccc2)(c2ccccc2)N1,0
O=C1NCN(c2ccccc2)C12CCN(C1c3ccccc3C=Cc3ccccc31)CC2,0
O=C1NCN(c2ccccc2)C12CCN(Cc1ccc3nsnc3c1)CC2,1
O=C1OC(=O)C2C3C=CC(C3)C12,0
O=C1OC(c2ccc(O)cc2)(c2ccc(O)cc2)c2ccccc21,0
O=C1[C@@H]2Oc3c(O)ccc4c3[C@@]23CCN(CC2CC2)[C@H](C4)[C@]3(O)CC12Cc1ccccc1C2,1
O=C1[N-]S(=O)(=O)c2ccccc21,0
O=C1c2c(O)cc(O)cc2OC(c2ccc(O)c(O)c2)C1O,1
O=C1c2ccc(O)c3c2C24CCN(CC5CC5)C1[C@]2(O)CCC(=O)[C@@H]4O3,1
O=C1c2ccccc2C(=O)N1SC(Cl)(Cl)Cl,0
O=CNc1ccc2c3c1O[C@H]1C(=O)CC[C@@]4(O)[C@@H](C2)N(CC2CC2)CC[C@]314,1
O=Cc1ccccc1C=O,0
O=NN(c1ccccc1)c1ccccc1,0
O=P(O)(O)CCCl,0
O=S(=O)(Nc1ccccc1)N1CCC(c2ccccc2)(c2nccn2Cc2ccccc2)CC1,1
O=S(=O)([O-])c1ccc(/N=N/c2c(O)ccc3cc(S(=O)(=O)[O-])ccc23)cc1,0
O=S1(=O)CCCO1,0
O=[N+]([O-])/N=C1\NCCN1Cc1ccc(Cl)nc1,0
O=[N+]([O-])c1c(Cl)c(Cl)c(Cl)c(Cl)c1Cl,0
O=[N+]([O-])c1c(Nc2ccccc2O)cc(Cl)c2nonc12,0
O=[N+]([O-])c1cccc([N+](=O)[O-])c1,0
O=[N+]([O-])c1ccccc1,0
O=[Si]=O,0
O=c1[nH]c2ccccc2n(C2CCN(C3CCCCCCC3)CC2)c1=O,1
O=c1[nH]c2ccccc2n(C2CCN(C3Cc4cccc5cccc3c45)CC2)c1=O,1
O=c1[nH]c2ccccc2n1C1CCN(CCCC(c2ccc(F)cc2)c2ccc(F)cc2)CC1,1
O=c1ccc2ccccc2o1,0
OB(O)O,0
OC(COc1ccccc1)COc1ccc2c(c1)[C@@]13CCCC[C@H]1[C@@H](C2)N(CC1CCC1)CC3,1
OC(c1ccc(Cl)cc1)(c1ccc(Cl)cc1)C(Cl)(Cl)Cl,0
OC1(c2ccc(F)cc2)CCN(C(c2ccccc2)c2ccccc2)CC1,1
OC1(c2cccc(C(F)(F)F)c2)CCN(C2CCC3CCCCC3C2)CC1,1
OC1(c2cccc(F)c2)CCN(C(c2ccccc2)c2ccccc2)CC1,1
OC1(c2ccccc2)CCN(C(c2ccccc2)c2cccc(C(F)(F)F)c2)CC1,1
OC1(c2ccccc2)CCN(C(c2ccccc2)c2ccccc2Cl)CC1,1
OC1(c2ccccc2)CCN(C(c2ccccc2)c2ccccn2)CC1,0
OC1(c2ccccc2)CCN(C(c2ccccc2)c2cccnc2)CC1,0
OC1(c2ccccc2)CCN(C(c2ccccc2Cl)c2ccccc2Cl)CC1,1
OC12N=C(c3ccccc3)SC1Cc1cc(Cl)ccc12,0
OC1CCC(C2CCCCC2)CC1,0
OCC1(N2CCC(n3c(-c4ccc(Cl)cc4)nc4ccccc43)CC2)CCCCCCC1,1
OCC1CO1,0
OCCN(CCO)CCO,0
Oc1ccc(Cl)cc1Cl,0
Oc1ccc2c(c1)C[C@@H]1[C@@H]3CCCCC23CCN1CCC(O)c1ccccc1,1
Oc1ccc2c(c1)[C@]13CCN(CC4CC4)C[C@@]1(C2)Cc1cc2ccccc2nc1C3,1
Oc1ccc2c(c1)[C@]13CCN(CC4CC4)[C@H](C2)[C@]1(O)CCc1cc2ccccc2nc1C3,1
Oc1ccc2c(c1)[C@]13CCN(Cc4ccccc4)C[C@@]1(C2)Cc1cc2ccccc2nc1C3,1
Oc1ccc2c3c1O[C@H]1c4[nH]c5ccccc5c4C[C@H]4[C@@H](C2)N(CCc2ccccc2)CC[C@]314,1
Oc1ccc2c3c1O[C@H]1c4[nH]cc(-c5ccccc5)c4C[C@@]4(O)C(C2)N(CC2CC2)CC[C@]314,1
Oc1ccc2c3c1O[C@H]1c4oc5ccccc5c4C[C@@]4(O)[C@@H](C2)N(CC2CC2)CC[C@]314,1
Oc1ccc2c3c1O[C@H]1c4sc5c(c4C[C@@]4(O)[C@@H](C2)N(CC2CC2)CC[C@]314)C[C@@]1(O)[C@H]2Cc3ccc(O)c4c3[C@@]1(CCN2CC1CC1)[C@H]5O4,1
Oc1ccc2ccc3cccc4ccc1c2c34,0
Oc1cccc(-n2cnnc2-c2ccc(-c3ccccc3)cc2)c1,1
Oc1cccc([C@@]23CCN(CCc4ccccc4)[C@@H](C[C@H](c4ccccc4)C2)C3)c1,1
Oc1cccc([C@]23CCN(CCc4ccccc4)[C@H](C2)[C@H]2CCCC[C@@H]2C3)c1,1
Oc1cccc2cccnc12,0
Oc1ccccc1,0
Oc1ccccc1-c1ccccc1,0
Oc1ccccc1Cl,0
Oc1ccccc1O,0
Oc1nc2ccccc2n1CCCNCc1cc2c(cc1Cl)OCO2,1
Oc1nc2ccccc2n1[C@@H]1CCN2[C@H](C3CCCCC3)CCC[C@@H]2C1,1
Sc1nc2ccccc2s1,0
[As]#[In],0
[Hg+2],1
c1cc2c(cc1OCC1CO1)[C@@]13CCCC[C@H]1[C@@H](C2)N(CC1CCC1)CC3,1
c1cc2ccc3cccc4ccc(c1)c2c34,0
c1ccc(C(c2ccc(-c3nn[nH]n3)cc2)N2CCNCC2)cc1,1
c1ccc(C2(N3CCCCC3)CCCCC2)cc1,0
c1ccc(C2[C@H]3CN(Cc4cccnc4)[C@H](c4ccccc4)C34CC2(c2cccnc2)C4)cc1,1
c1ccc(COC2(c3ccccc3)CCN(C(c3ccccc3)c3ccccc3)CC2)cc1,1
c1ccc(Cn2ccnc2C2(c3ccccc3)CCN(c3nc4ccccc4s3)CC2)cc1,1
c1ccc(N=Nc2ccccc2)cc1,0
c1ccc(Nc2ccccc2)cc1,0
c1ccc2[nH]c(-c3cscn3)nc2c1,0
c1ccc2[nH]nnc2c1,0
c1ccc2c(c1)-c1cccc3c1c-2cc1ccccc13,0
c1ccc2c(c1)-c1cccc3cccc-2c13,0
c1ccc2c(c1)Cc1ccccc1-2,0
c1ccc2c(c1)Nc1ccccc1S2,0
c1ccc2c(c1)ccc1ccccc12,0
c1ccc2c(c1)nc(-c1cc[nH]n1)n2[C@@H]1C[C@@H]2CCC[C@H](C1)N2[C@H]1C[C@H]2CCCC[C@H](C2)C1,1
c1ccc2c(c1)oc1ccccc12,0
c1ccc2cc3c(ccc4ccccc43)cc2c1,0
c1ccc2cc3ccccc3cc2c1,0
c1ccc2ccccc2c1,0
c1ccc2ncccc2c1,0
c1ccc2occc2c1,0
c1nc[nH]n1,0
